interaction_id,n_cliente,date,month,weekday,hour,answered
134338673,fe92248729c44f448481c5780127e6d1,29/09/2020,SETEMBRO,TERCA-FEIRA,09,1
138365441,d235bcd9b61e439f876e1fd161014985,16/11/2020,NOVEMBRO,SEGUNDA-FEIRA,16,1
138790167,58f19d9ca083478c98a715287b2e356c,24/11/2020,NOVEMBRO,TERCA-FEIRA,11,0
130177935,d02b3f88a772486385642416b78714cc,16/07/2020,JULHO,QUINTA-FEIRA,10,0
119408985,342f6adede604e2d87d640288455a86c,06/03/2020,MARCO,SEXTA-FEIRA,11,1
138224711,cd04d412d84943078cca4041b04941c1,13/11/2020,NOVEMBRO,SEXTA-FEIRA,16,1
47737688,3431ced3923c47f48feee79266a113f8,14/10/2020,OUTUBRO,QUARTA-FEIRA,15,1
40979196,1fc2057fc26043e6870d4e791d87ed09,10/02/2020,FEVEREIRO,SEGUNDA-FEIRA,12,1
128305841,e6f9e6378d0646feb5db04eb12623aba,18/06/2020,JUNHO,QUINTA-FEIRA,15,0
140014769,ae2d59785f1e4591b127bb37f257e6aa,17/12/2020,DEZEMBRO,QUINTA-FEIRA,12,1
122338757,056d32ffaff0404abbf2d11981967360,08/04/2020,ABRIL,QUARTA-FEIRA,23,0
47111900,d3ed306efb4e4bd583eca8fc686c7b63,06/09/2020,SETEMBRO,DOMINGO,15,1
131948909,23723b5ae2b04710a45930c4fcb6458b,18/08/2020,AGOSTO,TERCA-FEIRA,08,1
138780253,595f293a11a848cfbc6eaf0474b5e7d2,24/11/2020,NOVEMBRO,TERCA-FEIRA,10,0
119647551,cd8b1e4377334ed198a37780f49fa2fe,10/03/2020,MARCO,TERCA-FEIRA,19,0
133615893,a1a7fe24bc4141c4babe6d53236dd3a8,16/09/2020,SETEMBRO,QUARTA-FEIRA,13,1
138009647,eab8fbcc286f4561aa6f74301c16572c,10/11/2020,NOVEMBRO,TERCA-FEIRA,13,0
139492665,e6c40aafba4b49cb9fb51ae8b1035501,07/12/2020,DEZEMBRO,SEGUNDA-FEIRA,15,1
140615393,0db8638379a34d5e9b046b9963f81d4f,30/12/2020,DEZEMBRO,QUARTA-FEIRA,15,0
48710990,044b66daadb84aaf837dc5f3799571a4,16/12/2020,DEZEMBRO,QUARTA-FEIRA,13,1
46447042,5ab4976fd0694663b84bef9f5a6f733c,18/07/2020,JULHO,SABADO,22,1
124800589,15155fa725f048b3a4c6b3b10a7aa733,29/04/2020,ABRIL,QUARTA-FEIRA,10,1
119368977,342f6adede604e2d87d640288455a86c,05/03/2020,MARCO,QUINTA-FEIRA,15,1
46440776,5ce095386bc647a7b7c7734bb948ae79,17/07/2020,JULHO,SEXTA-FEIRA,15,1
139621907,9be6f71bd10d453d9961473b9c6b3db8,10/12/2020,DEZEMBRO,QUINTA-FEIRA,09,1
120594341,a8325b2a457148af8c5e3d9f6664b783,24/03/2020,MARCO,TERCA-FEIRA,14,0
137606321,23723b5ae2b04710a45930c4fcb6458b,03/11/2020,NOVEMBRO,TERCA-FEIRA,12,0
132051679,4694534a1101482b927c45d08d44e4b0,19/08/2020,AGOSTO,QUARTA-FEIRA,14,1
137760155,d8e8d6d11315455299baa6c3a5b0da64,05/11/2020,NOVEMBRO,QUINTA-FEIRA,14,0
44067786,107c40186ad0458c974ea02e6681a665,28/04/2020,ABRIL,TERCA-FEIRA,10,1
44467060,776871c9b81b4998aa63a04b0311977a,04/05/2020,MAIO,SEGUNDA-FEIRA,15,1
139899729,e982f0f463944209960332d10e10618e,15/12/2020,DEZEMBRO,TERCA-FEIRA,14,0
127756687,cd8b1e4377334ed198a37780f49fa2fe,08/06/2020,JUNHO,SEGUNDA-FEIRA,13,0
134616455,47024ee1460c489ba96d30515515ad65,02/10/2020,OUTUBRO,SEXTA-FEIRA,14,1
139263787,a266511de5134e78821570b76c1969a6,02/12/2020,DEZEMBRO,QUARTA-FEIRA,17,1
139207673,cb284f17b2394444a92357e0742fa42c,02/12/2020,DEZEMBRO,QUARTA-FEIRA,11,1
131952979,4d37973b9cc44d4cace26e4a73ccca73,18/08/2020,AGOSTO,TERCA-FEIRA,08,1
138884759,93d41d2c7e8a4f3b9a71cd9254b05f4f,25/11/2020,NOVEMBRO,QUARTA-FEIRA,16,0
47652786,044b66daadb84aaf837dc5f3799571a4,08/10/2020,OUTUBRO,QUINTA-FEIRA,12,1
138026741,1dd87509471740cfa16008cfbf9af707,10/11/2020,NOVEMBRO,TERCA-FEIRA,16,0
134936317,d6d15f0a48b04683bd06c60526e9f0c1,09/10/2020,OUTUBRO,SEXTA-FEIRA,08,0
122397499,6fe1f9dd46054decbc6dfa84dfa5f5c8,09/04/2020,ABRIL,QUINTA-FEIRA,12,0
134670861,1437e2bb87524a91b6e55dc4ef694937,04/10/2020,OUTUBRO,DOMINGO,20,1
43387612,934d2f7318554b59b9be832b7e8d42cc,16/04/2020,ABRIL,QUINTA-FEIRA,14,1
125441379,224b304199ed4c35b74e09a367e4a38c,05/05/2020,MAIO,TERCA-FEIRA,10,1
132360109,852c6ea0ecaa431baf7584c5eab24bfd,25/08/2020,AGOSTO,TERCA-FEIRA,15,1
139896535,a389ff5b31244ff880597f9aefb1444e,15/12/2020,DEZEMBRO,TERCA-FEIRA,13,1
43503914,6844c3514dc54f04a47ef4f6a9f2e8ab,22/04/2020,ABRIL,QUARTA-FEIRA,11,1
126826041,f17793b51e3c4d86ae1b9387599f219c,23/05/2020,MAIO,SABADO,19,0
48485282,3435dafdbf794ba3be149ca97a07a160,26/11/2020,NOVEMBRO,QUINTA-FEIRA,22,1
140469637,36f046bba88d46ae9f67e46c60323066,28/12/2020,DEZEMBRO,SEGUNDA-FEIRA,17,1
121660663,6fe1f9dd46054decbc6dfa84dfa5f5c8,02/04/2020,ABRIL,QUINTA-FEIRA,17,0
139075155,38841307eb5f4102b0ac6902e0d35fda,29/11/2020,NOVEMBRO,DOMINGO,14,0
130850405,40897170c9d547c583fbbf0492cc78df,28/07/2020,JULHO,TERCA-FEIRA,13,1
130217121,48b585eeaaa74f49b4999153be898901,16/07/2020,JULHO,QUINTA-FEIRA,15,1
135095959,cd8b1e4377334ed198a37780f49fa2fe,12/10/2020,OUTUBRO,SEGUNDA-FEIRA,19,0
140602337,3cb62558262745918722a58ff3bee0d6,30/12/2020,DEZEMBRO,QUARTA-FEIRA,14,0
132495539,46e864237eca406284c8946bfcee1f88,27/08/2020,AGOSTO,QUINTA-FEIRA,14,1
47240158,b568bb096e4e41358931d0d33da25e08,14/09/2020,SETEMBRO,SEGUNDA-FEIRA,15,1
123912549,5752221717994b2dada61786c6e4a372,22/04/2020,ABRIL,QUARTA-FEIRA,09,1
133786923,11b63b235b93464fafeef3dac8a7cdad,18/09/2020,SETEMBRO,SEXTA-FEIRA,17,0
48452592,38d33a3ce7c040349753cad4973fd7db,24/11/2020,NOVEMBRO,TERCA-FEIRA,21,1
128223907,5b4349844f364243949803d18fe156ea,17/06/2020,JUNHO,QUARTA-FEIRA,15,1
139910105,77bfe1db161c4ae0925e9f2d815bab38,15/12/2020,DEZEMBRO,TERCA-FEIRA,16,1
127223513,71815fb3e8cf4cb5ae1348afdf9151f0,29/05/2020,MAIO,SEXTA-FEIRA,15,1
131366979,cd8b1e4377334ed198a37780f49fa2fe,05/08/2020,AGOSTO,QUARTA-FEIRA,20,0
44945246,5ac87b2021e44cd99b2c7cf3b6da4b3b,21/05/2020,MAIO,QUINTA-FEIRA,20,1
119368797,cd8b1e4377334ed198a37780f49fa2fe,05/03/2020,MARCO,QUINTA-FEIRA,15,0
124660913,9aa5025024934cf3abd809c6f812d48d,27/04/2020,ABRIL,SEGUNDA-FEIRA,14,0
47490828,5b8c5b90778e47b18b2456e9869f887f,25/09/2020,SETEMBRO,SEXTA-FEIRA,18,1
46691952,999dc7e2ad0640419092fff1fa72e05c,12/08/2020,AGOSTO,QUARTA-FEIRA,15,1
46480958,6bd2d4e88c374e2198e23674573dbecd,22/07/2020,JULHO,QUARTA-FEIRA,12,1
46473880,41ee1f1959324992b9792c09ebbe5194,21/07/2020,JULHO,TERCA-FEIRA,19,1
132990117,3a78c487bea845b08dfbfe607c308367,04/09/2020,SETEMBRO,SEXTA-FEIRA,18,0
122251855,6849fe25a3224da4afc80248c6bcd5e9,08/04/2020,ABRIL,QUARTA-FEIRA,13,1
45789206,525f589ca6b04b878773dc0355ce5232,22/06/2020,JUNHO,SEGUNDA-FEIRA,21,1
139903247,ad02d20c1cf640b0b37e8c748bb338c1,15/12/2020,DEZEMBRO,TERCA-FEIRA,14,0
133979141,872b80a3a87a43c78fee78ac7d1a12d6,22/09/2020,SETEMBRO,TERCA-FEIRA,10,1
47389088,eab8fbcc286f4561aa6f74301c16572c,23/09/2020,SETEMBRO,QUARTA-FEIRA,11,1
117721335,826e23c35be2453f91f4fcb2e718f3a0,10/02/2020,FEVEREIRO,SEGUNDA-FEIRA,14,0
41421926,6cc58a2625d84165a69aca9f349cb97b,04/03/2020,MARCO,QUARTA-FEIRA,13,1
127453991,d015b7766a724f489a3d970fd65d9dbf,03/06/2020,JUNHO,QUARTA-FEIRA,08,1
117648913,6acbd140cb63435fb203607188a3b2f3,10/02/2020,FEVEREIRO,SEGUNDA-FEIRA,09,1
125458987,4af58c51a9874150922e795e04665cbf,05/05/2020,MAIO,TERCA-FEIRA,11,0
130540347,4694534a1101482b927c45d08d44e4b0,22/07/2020,JULHO,QUARTA-FEIRA,13,1
130618443,9a02e3747f23406cb075c610bde7554e,23/07/2020,JULHO,QUINTA-FEIRA,15,1
124437793,17d932e6fbb1454b92c48bad8b148806,26/04/2020,ABRIL,DOMINGO,18,0
140043575,0dd9ca1eb2734f968f07de557ac9c3e6,17/12/2020,DEZEMBRO,QUINTA-FEIRA,17,0
44098342,342f6adede604e2d87d640288455a86c,29/04/2020,ABRIL,QUARTA-FEIRA,12,1
41500038,25817d9f4ca24430bcbf1ecd621f7da6,10/03/2020,MARCO,TERCA-FEIRA,21,1
137262299,b1378dde6b6f4e26ae7b18de87aa692a,28/10/2020,OUTUBRO,QUARTA-FEIRA,11,0
44555410,a7cdd96c4cf24d4a8685eeed1785167b,06/05/2020,MAIO,QUARTA-FEIRA,19,1
133237761,a163dec9365a4cb29b99d157ef2fec10,09/09/2020,SETEMBRO,QUARTA-FEIRA,14,1
47879856,224b304199ed4c35b74e09a367e4a38c,23/10/2020,OUTUBRO,SEXTA-FEIRA,10,1
127126607,56daf308a56a40f598c9a8f98342e0c8,28/05/2020,MAIO,QUINTA-FEIRA,13,1
139326117,563ddd9909a7411dabd70b858ce00b5c,03/12/2020,DEZEMBRO,QUINTA-FEIRA,16,1
47840282,4c5738ac72a54e18bcc356f8d5716853,21/10/2020,OUTUBRO,QUARTA-FEIRA,12,1
133496345,1fa4c912814b409b8bb34acd847c390f,14/09/2020,SETEMBRO,SEGUNDA-FEIRA,15,0
137472607,0bbd6cca66e949779a709ec0bb186c67,31/10/2020,OUTUBRO,SABADO,14,1
124705463,44823c22021244dcb746240dbde2e4a6,28/04/2020,ABRIL,TERCA-FEIRA,09,0
139116073,64b2cf522c634d87ab3f317acb44caf1,30/11/2020,NOVEMBRO,SEGUNDA-FEIRA,12,1
48416808,6d01ae7b065142189b6ef274f9eaa51f,21/11/2020,NOVEMBRO,SABADO,12,1
48720664,776871c9b81b4998aa63a04b0311977a,16/12/2020,DEZEMBRO,QUARTA-FEIRA,23,1
138102035,6900b05ce3ee4989aa7b431471335e64,11/11/2020,NOVEMBRO,QUARTA-FEIRA,17,1
48750232,5c440e33b90b4705bb852da8e59844c5,18/12/2020,DEZEMBRO,SEXTA-FEIRA,15,1
48388960,62ad174a8ca04596b04eae076ea04c4a,19/11/2020,NOVEMBRO,QUINTA-FEIRA,12,1
118873065,c1579e283c6640a4b23438b252d9fb4f,27/02/2020,FEVEREIRO,QUINTA-FEIRA,15,1
128655143,76e7529747ad4f03b60e2c1fb1ff6f59,24/06/2020,JUNHO,QUARTA-FEIRA,08,0
41097446,f62d4c259e9e4cff887b4a851f4c1c58,13/02/2020,FEVEREIRO,QUINTA-FEIRA,22,1
48397628,69c6ca9c085943e0beeeb1f372795d5a,19/11/2020,NOVEMBRO,QUINTA-FEIRA,16,1
133590887,bf4bff21864f48c6ae50a46e49992e93,16/09/2020,SETEMBRO,QUARTA-FEIRA,10,1
48810462,cca14380c5d945039b2621a28c105713,25/12/2020,DEZEMBRO,SEXTA-FEIRA,16,1
137171705,500b9bf864ff46f99ec630543c7c0bb9,26/10/2020,OUTUBRO,SEGUNDA-FEIRA,16,1
130892509,d6d15f0a48b04683bd06c60526e9f0c1,29/07/2020,JULHO,QUARTA-FEIRA,10,1
118180463,5a7c9eb3bc184df38c590ee1ed7bbf97,17/02/2020,FEVEREIRO,SEGUNDA-FEIRA,13,1
123451541,ce3209117dd2464f84092a0a5a3db7f0,15/04/2020,ABRIL,QUARTA-FEIRA,11,1
118631025,c1ba7e770c554204ba48b8fef5d817b9,24/02/2020,FEVEREIRO,SEGUNDA-FEIRA,10,1
138675719,78ceb86e84eb4f08825f5a057bf8f3c3,21/11/2020,NOVEMBRO,SABADO,13,0
40100174,49699183fea34998bebab46ffcc23eae,30/01/2020,JANEIRO,QUINTA-FEIRA,12,1
132755709,e29dad34c6254fc3a2639ff50e9db456,01/09/2020,SETEMBRO,TERCA-FEIRA,13,1
40067232,342f6adede604e2d87d640288455a86c,29/01/2020,JANEIRO,QUARTA-FEIRA,11,1
138943509,1fa4c912814b409b8bb34acd847c390f,26/11/2020,NOVEMBRO,QUINTA-FEIRA,16,1
136964179,df281dc485c3466982b560ceeaf364ff,22/10/2020,OUTUBRO,QUINTA-FEIRA,13,1
44103224,deac66d501574f6990e1da0913da4593,29/04/2020,ABRIL,QUARTA-FEIRA,13,1
125768393,df0da1fd1fa54a40acb6648bbf3749a7,08/05/2020,MAIO,SEXTA-FEIRA,16,0
48710988,044b66daadb84aaf837dc5f3799571a4,16/12/2020,DEZEMBRO,QUARTA-FEIRA,13,1
48016186,1c4dfc62745b430e8e5584632d6ed959,02/11/2020,NOVEMBRO,SEGUNDA-FEIRA,18,1
116280831,1fc2057fc26043e6870d4e791d87ed09,28/01/2020,JANEIRO,TERCA-FEIRA,12,1
47228828,7ad2ca11c66146888d0f48b802903f80,13/09/2020,SETEMBRO,DOMINGO,18,1
48568010,fb7b32771cb34511b49ad593dfee016e,04/12/2020,DEZEMBRO,SEXTA-FEIRA,12,1
139586233,9aa5025024934cf3abd809c6f812d48d,09/12/2020,DEZEMBRO,QUARTA-FEIRA,14,1
129323441,e29dad34c6254fc3a2639ff50e9db456,02/07/2020,JULHO,QUINTA-FEIRA,09,1
125472427,6657241c0c5b4c48a049e86c34855bfc,05/05/2020,MAIO,TERCA-FEIRA,13,1
44797870,6657241c0c5b4c48a049e86c34855bfc,18/05/2020,MAIO,SEGUNDA-FEIRA,10,1
118019487,e6f9e6378d0646feb5db04eb12623aba,13/02/2020,FEVEREIRO,QUINTA-FEIRA,18,0
130960547,76e7529747ad4f03b60e2c1fb1ff6f59,30/07/2020,JULHO,QUINTA-FEIRA,09,0
134429827,62501d6fea8641feaec8c1f766c7dbb5,30/09/2020,SETEMBRO,QUARTA-FEIRA,12,1
134453997,50e3db816fc94dfbb7d53ab0bf431dee,30/09/2020,SETEMBRO,QUARTA-FEIRA,15,0
130367171,9a02e3747f23406cb075c610bde7554e,20/07/2020,JULHO,SEGUNDA-FEIRA,10,1
48030150,ab2708662e344342bb85610f173ef578,03/11/2020,NOVEMBRO,TERCA-FEIRA,12,1
129244681,776b3cb9d8144952bd4f4d20321b3745,01/07/2020,JULHO,QUARTA-FEIRA,09,0
140241575,7915cd367f2f4d74926c13cbb725a78b,22/12/2020,DEZEMBRO,TERCA-FEIRA,11,1
119415507,342f6adede604e2d87d640288455a86c,06/03/2020,MARCO,SEXTA-FEIRA,12,1
47154642,25817d9f4ca24430bcbf1ecd621f7da6,08/09/2020,SETEMBRO,TERCA-FEIRA,00,1
134551603,60ed128f63d741e69ac55060fc5e95a2,02/10/2020,OUTUBRO,SEXTA-FEIRA,08,1
132386423,15155fa725f048b3a4c6b3b10a7aa733,26/08/2020,AGOSTO,QUARTA-FEIRA,08,1
47641370,d6d15f0a48b04683bd06c60526e9f0c1,07/10/2020,OUTUBRO,QUARTA-FEIRA,16,1
48090928,6dc20e1bcf1843eb92265a760c0f1cfd,07/11/2020,NOVEMBRO,SABADO,17,1
136600519,d8d08d7850134a1da0ca527e337b44b7,16/10/2020,OUTUBRO,SEXTA-FEIRA,09,1
136855705,d8d08d7850134a1da0ca527e337b44b7,21/10/2020,OUTUBRO,QUARTA-FEIRA,11,0
47559576,d6d15f0a48b04683bd06c60526e9f0c1,01/10/2020,OUTUBRO,QUINTA-FEIRA,14,1
118140755,84156c715f204ecf95f37feae2c0a4c2,16/02/2020,FEVEREIRO,DOMINGO,19,1
48635478,7d72d804e05f47de8b03356bb6da8380,11/12/2020,DEZEMBRO,SEXTA-FEIRA,12,1
47815832,12e3286f48c843eea465347244274317,19/10/2020,OUTUBRO,SEGUNDA-FEIRA,19,1
43329208,2c4d9dfaaec641cd98c3451931ad67e7,14/04/2020,ABRIL,TERCA-FEIRA,18,1
48063740,ba81996efe8949828bfedececce07e9e,05/11/2020,NOVEMBRO,QUINTA-FEIRA,14,1
139332435,69c6ca9c085943e0beeeb1f372795d5a,03/12/2020,DEZEMBRO,QUINTA-FEIRA,17,0
116587391,3120e56e804849939f22b4806d85e319,31/01/2020,JANEIRO,SEXTA-FEIRA,11,1
134295119,d6d15f0a48b04683bd06c60526e9f0c1,28/09/2020,SETEMBRO,SEGUNDA-FEIRA,14,0
138333949,9bdc0fa25a4941f69b98cbadc5add7ef,16/11/2020,NOVEMBRO,SEGUNDA-FEIRA,11,0
47228314,40897170c9d547c583fbbf0492cc78df,13/09/2020,SETEMBRO,DOMINGO,15,1
48530280,4a9bc415623e4c379f9373719d13335a,02/12/2020,DEZEMBRO,QUARTA-FEIRA,08,1
117805915,f04b82907d58474dac86d748087fbd95,11/02/2020,FEVEREIRO,TERCA-FEIRA,12,1
132087889,b9d8ea8021654c30a01f5bd266ac8eb0,20/08/2020,AGOSTO,QUINTA-FEIRA,09,1
45754350,799e277429ef4581bc4ffbdfda587835,22/06/2020,JUNHO,SEGUNDA-FEIRA,12,1
48749854,999dc7e2ad0640419092fff1fa72e05c,18/12/2020,DEZEMBRO,SEXTA-FEIRA,15,1
138680695,cd8b1e4377334ed198a37780f49fa2fe,21/11/2020,NOVEMBRO,SABADO,16,0
43507368,342f6adede604e2d87d640288455a86c,22/04/2020,ABRIL,QUARTA-FEIRA,14,1
41882634,0bbd6cca66e949779a709ec0bb186c67,28/03/2020,MARCO,SABADO,12,1
46378510,2f3aa6f07bc74c2886139fea52c6b3d3,13/07/2020,JULHO,SEGUNDA-FEIRA,14,1
133528761,415319be161e444f8e671cc06e57e40a,15/09/2020,SETEMBRO,TERCA-FEIRA,10,1
139457989,539e880c582c4c25a7dacc8c252ec90f,07/12/2020,DEZEMBRO,SEGUNDA-FEIRA,10,1
40445736,f62d4c259e9e4cff887b4a851f4c1c58,05/02/2020,FEVEREIRO,QUARTA-FEIRA,12,1
139669177,b21ce0602d6648139ef9659f1ee6ce6f,10/12/2020,DEZEMBRO,QUINTA-FEIRA,17,1
47322562,1c4dfc62745b430e8e5584632d6ed959,18/09/2020,SETEMBRO,SEXTA-FEIRA,12,1
119329201,056d32ffaff0404abbf2d11981967360,05/03/2020,MARCO,QUINTA-FEIRA,00,1
130021109,15155fa725f048b3a4c6b3b10a7aa733,13/07/2020,JULHO,SEGUNDA-FEIRA,20,1
48739846,d7933f4a5de64941a6e9cff8e9ab1fdb,17/12/2020,DEZEMBRO,QUINTA-FEIRA,21,1
138141761,45c1ea5de3c44ea7b76a4dd239f65803,12/11/2020,NOVEMBRO,QUINTA-FEIRA,13,1
133528095,d543ecc6d8c94c3b98769687cbc6e1b5,15/09/2020,SETEMBRO,TERCA-FEIRA,10,1
134356245,78ceb86e84eb4f08825f5a057bf8f3c3,29/09/2020,SETEMBRO,TERCA-FEIRA,12,0
138384805,8f095357973f4033b46308c9213f9981,17/11/2020,NOVEMBRO,TERCA-FEIRA,09,1
42046064,525f589ca6b04b878773dc0355ce5232,03/04/2020,ABRIL,SEXTA-FEIRA,13,1
44744098,b0665056a0884f1b888dddd75974544d,15/05/2020,MAIO,SEXTA-FEIRA,12,1
138513931,fc02058788e149b18d4410e79cd4860a,18/11/2020,NOVEMBRO,QUARTA-FEIRA,17,1
137698591,212b0363974e4b768655eb46e6183166,04/11/2020,NOVEMBRO,QUARTA-FEIRA,15,1
137961629,3aaf7ad218dc419b9d4beb806a4e31f4,09/11/2020,NOVEMBRO,SEGUNDA-FEIRA,16,1
138580961,d04f76b9b5014464afd44cc3fb32be83,19/11/2020,NOVEMBRO,QUINTA-FEIRA,16,0
122082943,6fe1f9dd46054decbc6dfa84dfa5f5c8,07/04/2020,ABRIL,TERCA-FEIRA,14,0
48067914,2dc95bdbfca44f30841fbaf8164ec946,05/11/2020,NOVEMBRO,QUINTA-FEIRA,17,1
44758548,026a5ff6d8294209bdaa77ae7635ae8b,15/05/2020,MAIO,SEXTA-FEIRA,18,1
128259407,c1579e283c6640a4b23438b252d9fb4f,18/06/2020,JUNHO,QUINTA-FEIRA,10,1
132555225,76e7529747ad4f03b60e2c1fb1ff6f59,28/08/2020,AGOSTO,SEXTA-FEIRA,12,0
130774757,c4abac3d07954e3ba8e0bed46a093311,27/07/2020,JULHO,SEGUNDA-FEIRA,14,0
138914317,c1dd4897029f4d689d8bf29190c87169,26/11/2020,NOVEMBRO,QUINTA-FEIRA,10,0
137579383,226f632dd8754fc6b99594cc6b1fcb0a,02/11/2020,NOVEMBRO,SEGUNDA-FEIRA,21,1
126493731,b0665056a0884f1b888dddd75974544d,19/05/2020,MAIO,TERCA-FEIRA,15,0
137771213,ba81996efe8949828bfedececce07e9e,05/11/2020,NOVEMBRO,QUINTA-FEIRA,16,1
45009812,01c79a286b474f73bdd42c65cbb9c74c,25/05/2020,MAIO,SEGUNDA-FEIRA,08,1
137837245,1dd87509471740cfa16008cfbf9af707,06/11/2020,NOVEMBRO,SEXTA-FEIRA,16,0
48510314,fb7b32771cb34511b49ad593dfee016e,30/11/2020,NOVEMBRO,SEGUNDA-FEIRA,11,1
138552899,10c98b9bc39f4766a59e1cd99aeb74ea,19/11/2020,NOVEMBRO,QUINTA-FEIRA,11,1
140580119,6df82c91d297469a834a0b4cff107e6f,30/12/2020,DEZEMBRO,QUARTA-FEIRA,10,0
48557698,447ff5d5f8c242869c9878332932215c,03/12/2020,DEZEMBRO,QUINTA-FEIRA,15,1
47539550,abbafced7cde4634ade4de593e527f3e,30/09/2020,SETEMBRO,QUARTA-FEIRA,12,1
131263469,983206a77e814bd390cf699f90da0125,04/08/2020,AGOSTO,TERCA-FEIRA,13,0
137398473,48b585eeaaa74f49b4999153be898901,30/10/2020,OUTUBRO,SEXTA-FEIRA,11,1
138945771,1fa4c912814b409b8bb34acd847c390f,26/11/2020,NOVEMBRO,QUINTA-FEIRA,15,1
120958165,6844c3514dc54f04a47ef4f6a9f2e8ab,27/03/2020,MARCO,SEXTA-FEIRA,15,1
133912363,f17793b51e3c4d86ae1b9387599f219c,21/09/2020,SETEMBRO,SEGUNDA-FEIRA,10,0
117693561,bf4bff21864f48c6ae50a46e49992e93,10/02/2020,FEVEREIRO,SEGUNDA-FEIRA,13,0
118744277,24ea23283533434bb6055b1e9117dde4,26/02/2020,FEVEREIRO,QUARTA-FEIRA,11,1
137131533,bc424f7062ca42df81c40bcc8205f48b,26/10/2020,OUTUBRO,SEGUNDA-FEIRA,10,0
138785765,40897170c9d547c583fbbf0492cc78df,24/11/2020,NOVEMBRO,TERCA-FEIRA,10,1
48159718,0031e92d064a43c496d2e811441dafad,12/11/2020,NOVEMBRO,QUINTA-FEIRA,01,1
140011409,6849fe25a3224da4afc80248c6bcd5e9,17/12/2020,DEZEMBRO,QUINTA-FEIRA,12,0
132425741,d6d15f0a48b04683bd06c60526e9f0c1,26/08/2020,AGOSTO,QUARTA-FEIRA,14,1
45619432,342f6adede604e2d87d640288455a86c,18/06/2020,JUNHO,QUINTA-FEIRA,11,1
46828680,852c6ea0ecaa431baf7584c5eab24bfd,24/08/2020,AGOSTO,SEGUNDA-FEIRA,17,1
138463819,ed91f9a6016e49f68dd99e38c41d8a71,18/11/2020,NOVEMBRO,QUARTA-FEIRA,09,1
45667936,224b304199ed4c35b74e09a367e4a38c,19/06/2020,JUNHO,SEXTA-FEIRA,14,1
48041874,3c97e5fb8cc7445fa09cc0fa4231a320,04/11/2020,NOVEMBRO,QUARTA-FEIRA,09,1
48484306,69c6ca9c085943e0beeeb1f372795d5a,26/11/2020,NOVEMBRO,QUINTA-FEIRA,21,1
139651433,fcd9fe7b1534450793296fb15e96161b,10/12/2020,DEZEMBRO,QUINTA-FEIRA,15,0
48450610,cbcfae6b562c489e92aae7b9ac59353a,24/11/2020,NOVEMBRO,TERCA-FEIRA,17,1
139745161,304acc1b8894498c82dd1092e7d86849,11/12/2020,DEZEMBRO,SEXTA-FEIRA,19,1
41302938,24ea23283533434bb6055b1e9117dde4,27/02/2020,FEVEREIRO,QUINTA-FEIRA,12,1
132415515,d81ddf53119b43649329e08a4b4f93bc,26/08/2020,AGOSTO,QUARTA-FEIRA,13,1
138783741,595f293a11a848cfbc6eaf0474b5e7d2,24/11/2020,NOVEMBRO,TERCA-FEIRA,10,0
44643816,d1e8667df91c4daea6763620aaac80bf,11/05/2020,MAIO,SEGUNDA-FEIRA,12,1
139312733,d498da926d36460a9ff22c6ffc51d15e,03/12/2020,DEZEMBRO,QUINTA-FEIRA,14,1
48742132,9f8774aa4b974868a27dc51d4e037f22,18/12/2020,DEZEMBRO,SEXTA-FEIRA,09,1
139142257,a104d345dcf2441995c644a3cb4375dc,30/11/2020,NOVEMBRO,SEGUNDA-FEIRA,17,0
123836369,0f5a23e366434e6381873d02f61d6da9,21/04/2020,ABRIL,TERCA-FEIRA,09,1
120287773,8f095357973f4033b46308c9213f9981,20/03/2020,MARCO,SEXTA-FEIRA,15,1
137006473,156f2099ebd544d3879e6aa6bcf3e800,23/10/2020,OUTUBRO,SEXTA-FEIRA,10,0
131062165,b8265749f3504295ae219c2451307721,31/07/2020,JULHO,SEXTA-FEIRA,12,1
137179029,f17793b51e3c4d86ae1b9387599f219c,26/10/2020,OUTUBRO,SEGUNDA-FEIRA,19,0
46342396,c1f6cb6af1f044318cea69e551be320b,10/07/2020,JULHO,SEXTA-FEIRA,14,1
48626092,b9d8ea8021654c30a01f5bd266ac8eb0,10/12/2020,DEZEMBRO,QUINTA-FEIRA,17,1
48093560,2db37f5e1ef9428ea7cd5862f99e6792,07/11/2020,NOVEMBRO,SABADO,15,1
138948823,c1ba7e770c554204ba48b8fef5d817b9,26/11/2020,NOVEMBRO,QUINTA-FEIRA,16,1
48699632,776871c9b81b4998aa63a04b0311977a,15/12/2020,DEZEMBRO,TERCA-FEIRA,18,1
48701594,120b1f45d39c45e8b2b48676d027d2cf,15/12/2020,DEZEMBRO,TERCA-FEIRA,22,1
41886078,e4613043efdd4a36b3b8f6c125ddf393,28/03/2020,MARCO,SABADO,21,1
123956171,15155fa725f048b3a4c6b3b10a7aa733,22/04/2020,ABRIL,QUARTA-FEIRA,14,1
139199275,ba3bdcfcf8f0496db4c6182552d52f3e,02/12/2020,DEZEMBRO,QUARTA-FEIRA,10,1
46342060,41ee1f1959324992b9792c09ebbe5194,10/07/2020,JULHO,SEXTA-FEIRA,13,1
47812804,b0a797ed6c39419d9cba96f6e6fb04bf,19/10/2020,OUTUBRO,SEGUNDA-FEIRA,17,1
47924892,1ee3667858dd4603b29d3a12234f7f8e,27/10/2020,OUTUBRO,TERCA-FEIRA,08,1
122290837,6fe1f9dd46054decbc6dfa84dfa5f5c8,08/04/2020,ABRIL,QUARTA-FEIRA,15,0
116180465,a54cc9d35a0c48d7b0bdf61061c3c9de,27/01/2020,JANEIRO,SEGUNDA-FEIRA,14,1
139293581,a3dc2414ac7246b2a3f9dcfce4cd2ddd,03/12/2020,DEZEMBRO,QUINTA-FEIRA,11,1
131664863,4d37973b9cc44d4cace26e4a73ccca73,12/08/2020,AGOSTO,QUARTA-FEIRA,08,1
46375664,c0b250b2e4f64bda9a64530a7b73cf88,13/07/2020,JULHO,SEGUNDA-FEIRA,11,1
48472068,f144787cc89a4fab9bececcedf5d5595,26/11/2020,NOVEMBRO,QUINTA-FEIRA,10,1
137944539,bd1d7b257b2845909d6a65424cca3aa0,09/11/2020,NOVEMBRO,SEGUNDA-FEIRA,13,1
137949133,a4849b1984294b6c99b11aba3157d3aa,09/11/2020,NOVEMBRO,SEGUNDA-FEIRA,14,1
118955903,d3ed306efb4e4bd583eca8fc686c7b63,28/02/2020,FEVEREIRO,SEXTA-FEIRA,14,0
140592645,f746244e419c4f84828ec7cc279c227f,30/12/2020,DEZEMBRO,QUARTA-FEIRA,12,0
130964381,73cf73d79a604ff8846a12e65a39d90b,30/07/2020,JULHO,QUINTA-FEIRA,09,1
139090995,3a78c487bea845b08dfbfe607c308367,30/11/2020,NOVEMBRO,SEGUNDA-FEIRA,09,1
120112725,cd8b1e4377334ed198a37780f49fa2fe,18/03/2020,MARCO,QUARTA-FEIRA,20,0
138498227,e882e09102f8425985a9bea8a27f4d49,18/11/2020,NOVEMBRO,QUARTA-FEIRA,15,1
131543443,270a3d5a6141454b9326e73e207cb870,10/08/2020,AGOSTO,SEGUNDA-FEIRA,09,1
44701730,776871c9b81b4998aa63a04b0311977a,13/05/2020,MAIO,QUARTA-FEIRA,14,1
140004237,c67e143369ac422697907254d4377c10,17/12/2020,DEZEMBRO,QUINTA-FEIRA,10,1
126495313,b0665056a0884f1b888dddd75974544d,19/05/2020,MAIO,TERCA-FEIRA,15,0
130726127,1f35a3dde40242c182c6e6f36220f704,27/07/2020,JULHO,SEGUNDA-FEIRA,08,0
125575749,c831f4635aed47dc91d5d3808b7e6b89,06/05/2020,MAIO,QUARTA-FEIRA,14,1
139021167,0bbd6cca66e949779a709ec0bb186c67,27/11/2020,NOVEMBRO,SEXTA-FEIRA,16,1
125780269,bf4bff21864f48c6ae50a46e49992e93,08/05/2020,MAIO,SEXTA-FEIRA,18,1
138749139,6cc58a2625d84165a69aca9f349cb97b,23/11/2020,NOVEMBRO,SEGUNDA-FEIRA,15,0
119123165,ce4b57d989544c38bdd8ec08aa01fe6c,02/03/2020,MARCO,SEGUNDA-FEIRA,15,1
45222790,b41ceeb40da949169dce3e623c143f8f,03/06/2020,JUNHO,QUARTA-FEIRA,16,1
128653585,76e7529747ad4f03b60e2c1fb1ff6f59,24/06/2020,JUNHO,QUARTA-FEIRA,08,0
48830766,e82e922fff884644b082249aeb56557b,28/12/2020,DEZEMBRO,SEGUNDA-FEIRA,17,1
48858592,81e29e7d12ef45288419b8a3b25cb337,30/12/2020,DEZEMBRO,QUARTA-FEIRA,13,1
125641955,0688dba18bbc4e9ab8cbf2c92703659b,07/05/2020,MAIO,QUINTA-FEIRA,12,1
137215207,9a02e3747f23406cb075c610bde7554e,27/10/2020,OUTUBRO,TERCA-FEIRA,14,0
136986441,01085ad018d44065915af6d22467217b,22/10/2020,OUTUBRO,QUINTA-FEIRA,23,0
138609405,727673e2245d441b9e2ef07f093d8d8d,20/11/2020,NOVEMBRO,SEXTA-FEIRA,10,0
140461077,0db8638379a34d5e9b046b9963f81d4f,28/12/2020,DEZEMBRO,SEGUNDA-FEIRA,14,1
129971787,298d4041d01f46ee982316724d9911de,13/07/2020,JULHO,SEGUNDA-FEIRA,11,1
140524155,beef7659636e4672b38d1999dd79ba93,29/12/2020,DEZEMBRO,TERCA-FEIRA,12,1
139016807,056d32ffaff0404abbf2d11981967360,27/11/2020,NOVEMBRO,SEXTA-FEIRA,15,1
127116387,23723b5ae2b04710a45930c4fcb6458b,28/05/2020,MAIO,QUINTA-FEIRA,11,0
139396921,c4abac3d07954e3ba8e0bed46a093311,04/12/2020,DEZEMBRO,SEXTA-FEIRA,17,0
134613433,62e125d4c5904cec86e4f816ece8df61,02/10/2020,OUTUBRO,SEXTA-FEIRA,14,1
140456441,0a5f1533de0248549fbaabc6d19c5e53,28/12/2020,DEZEMBRO,SEGUNDA-FEIRA,14,1
48328258,ea933ef48bb24a37bb9917c01f51d48d,16/11/2020,NOVEMBRO,SEGUNDA-FEIRA,09,1
47963578,b031e00ca6454509b2197223836db49d,29/10/2020,OUTUBRO,QUINTA-FEIRA,09,1
128786179,90c89fe6d21a4b7a863d3b31f70e9906,25/06/2020,JUNHO,QUINTA-FEIRA,12,0
47310370,6efb2603b2df44dba9e15e2f5e3c94de,17/09/2020,SETEMBRO,QUINTA-FEIRA,17,1
48404954,49699183fea34998bebab46ffcc23eae,20/11/2020,NOVEMBRO,SEXTA-FEIRA,12,1
43481488,342f6adede604e2d87d640288455a86c,21/04/2020,ABRIL,TERCA-FEIRA,12,1
139289961,5a77c38aa384487dae0614b2019d8ed1,03/12/2020,DEZEMBRO,QUINTA-FEIRA,10,0
137683269,9b463849eb7443f0b40b71382673a34c,04/11/2020,NOVEMBRO,QUARTA-FEIRA,13,1
46121786,c1f6cb6af1f044318cea69e551be320b,01/07/2020,JULHO,QUARTA-FEIRA,14,1
140575021,939231f725a1408c9afec87aa7419f6f,30/12/2020,DEZEMBRO,QUARTA-FEIRA,09,1
47674326,44e9d0d6994c4dcfbb8d6a5f21e81aee,09/10/2020,OUTUBRO,SEXTA-FEIRA,15,1
47507270,d6d15f0a48b04683bd06c60526e9f0c1,28/09/2020,SETEMBRO,SEGUNDA-FEIRA,14,1
135079329,1fa4c912814b409b8bb34acd847c390f,12/10/2020,OUTUBRO,SEGUNDA-FEIRA,14,1
140324941,46e864237eca406284c8946bfcee1f88,23/12/2020,DEZEMBRO,QUARTA-FEIRA,15,1
133022245,cd8b1e4377334ed198a37780f49fa2fe,06/09/2020,SETEMBRO,DOMINGO,13,0
129701699,5c440e33b90b4705bb852da8e59844c5,08/07/2020,JULHO,QUARTA-FEIRA,11,0
117172065,50c93567854d4a70b1dba545dc825ba6,05/02/2020,FEVEREIRO,QUARTA-FEIRA,17,1
138099391,6776b0af6fa4492fa1c93e8f48be6698,11/11/2020,NOVEMBRO,QUARTA-FEIRA,17,1
126796925,d8d08d7850134a1da0ca527e337b44b7,22/05/2020,MAIO,SEXTA-FEIRA,15,1
129395919,070c23788c204562939d94acd76a0f59,03/07/2020,JULHO,SEXTA-FEIRA,09,1
138030667,d70558c79b9d446f88aab1e18c4ec5b3,10/11/2020,NOVEMBRO,TERCA-FEIRA,17,0
47703268,73eaf2f4bab2436e9466d07571c68764,12/10/2020,OUTUBRO,SEGUNDA-FEIRA,08,1
131826225,8f095357973f4033b46308c9213f9981,14/08/2020,AGOSTO,SEXTA-FEIRA,13,1
41791280,dd63273b339f4d22aecadacfdce6348e,25/03/2020,MARCO,QUARTA-FEIRA,10,1
48456482,c9a9da11556d4fd8b52c29febb7e2e83,25/11/2020,NOVEMBRO,QUARTA-FEIRA,10,1
47530640,d6d15f0a48b04683bd06c60526e9f0c1,29/09/2020,SETEMBRO,TERCA-FEIRA,18,1
134782305,d02b3f88a772486385642416b78714cc,06/10/2020,OUTUBRO,TERCA-FEIRA,16,0
41644178,30b73979f70541d6857e2f86872adfed,18/03/2020,MARCO,QUARTA-FEIRA,21,1
124860301,0688dba18bbc4e9ab8cbf2c92703659b,29/04/2020,ABRIL,QUARTA-FEIRA,17,1
44552142,0688dba18bbc4e9ab8cbf2c92703659b,06/05/2020,MAIO,QUARTA-FEIRA,18,1
45129476,776871c9b81b4998aa63a04b0311977a,29/05/2020,MAIO,SEXTA-FEIRA,18,1
138127011,e83447ac68264e9bb0b4c16f2b25c571,12/11/2020,NOVEMBRO,QUINTA-FEIRA,10,1
136570569,4d87c231784044ec8cfa3289d72664cc,15/10/2020,OUTUBRO,QUINTA-FEIRA,15,1
48059418,2af312c3495043c492c127c1d5ff89fe,05/11/2020,NOVEMBRO,QUINTA-FEIRA,09,1
139162621,ba3bdcfcf8f0496db4c6182552d52f3e,01/12/2020,DEZEMBRO,TERCA-FEIRA,10,0
41813332,4694534a1101482b927c45d08d44e4b0,25/03/2020,MARCO,QUARTA-FEIRA,19,1
132342355,e530a4106bfa4373930337e8ac219bee,25/08/2020,AGOSTO,TERCA-FEIRA,13,0
118966337,e5db3c978eab4bbba0c9e7a09596d77f,28/02/2020,FEVEREIRO,SEXTA-FEIRA,16,0
137462757,b8513529b8e14b81b4c72a65a43ee92e,31/10/2020,OUTUBRO,SABADO,11,0
123668887,39e44c0942824f99bfa6de1108598f79,17/04/2020,ABRIL,SEXTA-FEIRA,15,0
123944337,7af144d5f2e64a598707726ebf853529,22/04/2020,ABRIL,QUARTA-FEIRA,13,0
125841869,50e3db816fc94dfbb7d53ab0bf431dee,11/05/2020,MAIO,SEGUNDA-FEIRA,08,0
48456750,28569a7370d44b7fbe92134d90e9f330,25/11/2020,NOVEMBRO,QUARTA-FEIRA,10,1
48524708,2153ffa2529149ab84b30789694996ad,01/12/2020,DEZEMBRO,TERCA-FEIRA,10,1
139741899,a6ef3c80341d4f52b5623813f4d20392,11/12/2020,DEZEMBRO,SEXTA-FEIRA,17,1
47920038,0688dba18bbc4e9ab8cbf2c92703659b,26/10/2020,OUTUBRO,SEGUNDA-FEIRA,17,1
137203979,9b463849eb7443f0b40b71382673a34c,27/10/2020,OUTUBRO,TERCA-FEIRA,12,1
139594801,4af047e372a34fb4bdccd6b4eea23241,09/12/2020,DEZEMBRO,QUARTA-FEIRA,15,1
122863789,52c1e102fc954ab9ade8b9c55fbb175b,13/04/2020,ABRIL,SEGUNDA-FEIRA,12,0
117389835,cd8b1e4377334ed198a37780f49fa2fe,07/02/2020,FEVEREIRO,SEXTA-FEIRA,11,0
47228090,fdf4d2eebdce4edb86bfc106b1224254,13/09/2020,SETEMBRO,DOMINGO,11,1
48616920,ed91f9a6016e49f68dd99e38c41d8a71,10/12/2020,DEZEMBRO,QUINTA-FEIRA,09,1
139989511,72e4f8c907ee4f3a8de7b83007c18c2a,16/12/2020,DEZEMBRO,QUARTA-FEIRA,20,1
138564431,4061b079b0bf4866bb0ac2ad6d4f2913,19/11/2020,NOVEMBRO,QUINTA-FEIRA,13,1
138462445,97db47e74caf4571832fc27d36fa6d48,18/11/2020,NOVEMBRO,QUARTA-FEIRA,09,1
46719632,1bf9820a46ea4574ba162dfd26f3f9b2,14/08/2020,AGOSTO,SEXTA-FEIRA,12,1
48015514,49699183fea34998bebab46ffcc23eae,02/11/2020,NOVEMBRO,SEGUNDA-FEIRA,17,1
47743004,497b3d10c5c641bfafb3b235835df889,14/10/2020,OUTUBRO,QUARTA-FEIRA,23,1
139871129,6776b0af6fa4492fa1c93e8f48be6698,15/12/2020,DEZEMBRO,TERCA-FEIRA,09,1
125422177,076d5257903542219890276142913ff6,04/05/2020,MAIO,SEGUNDA-FEIRA,15,0
133248365,76e7529747ad4f03b60e2c1fb1ff6f59,09/09/2020,SETEMBRO,QUARTA-FEIRA,16,0
139110373,06f312db9e2f4076b1b4e15b4b8dd0c4,30/11/2020,NOVEMBRO,SEGUNDA-FEIRA,11,1
45199514,b41ceeb40da949169dce3e623c143f8f,02/06/2020,JUNHO,TERCA-FEIRA,16,1
44831644,26b3806e76044c208f3f4f338f00aee8,19/05/2020,MAIO,TERCA-FEIRA,10,1
137173473,e87d305b09c7405a8e5e121d820b693d,26/10/2020,OUTUBRO,SEGUNDA-FEIRA,17,1
40993408,bd2b0efec4264f2e89b798a2aadf20a1,10/02/2020,FEVEREIRO,SEGUNDA-FEIRA,13,1
41153900,d82845a7378844aa80dc5a1232c3d32c,18/02/2020,FEVEREIRO,TERCA-FEIRA,12,1
138400777,500b9bf864ff46f99ec630543c7c0bb9,17/11/2020,NOVEMBRO,TERCA-FEIRA,11,1
41901770,efdbd5af90434276b90480399db5c8a9,30/03/2020,MARCO,SEGUNDA-FEIRA,12,1
121228561,c2e497e7ec31457da3906eaa62477be2,31/03/2020,MARCO,TERCA-FEIRA,09,1
48744106,478f1d1946054e38a66fb3da38ef755e,18/12/2020,DEZEMBRO,SEXTA-FEIRA,10,1
120590901,49699183fea34998bebab46ffcc23eae,24/03/2020,MARCO,TERCA-FEIRA,15,0
46475872,fdf4d2eebdce4edb86bfc106b1224254,21/07/2020,JULHO,TERCA-FEIRA,23,1
138607803,25bf7557861f40f69d801b12a58ee28c,20/11/2020,NOVEMBRO,SEXTA-FEIRA,09,0
48732598,cdb1d5e1f5834755bb09216666aa77e6,17/12/2020,DEZEMBRO,QUINTA-FEIRA,15,1
121241669,4694534a1101482b927c45d08d44e4b0,31/03/2020,MARCO,TERCA-FEIRA,10,0
122200749,572e26e41f8c4c38a882c7bf9c027ebf,08/04/2020,ABRIL,QUARTA-FEIRA,10,0
127689891,15155fa725f048b3a4c6b3b10a7aa733,06/06/2020,JUNHO,SABADO,19,1
123490611,4858668d70e64543bc5c183b6217753b,15/04/2020,ABRIL,QUARTA-FEIRA,16,0
46558636,df0da1fd1fa54a40acb6648bbf3749a7,30/07/2020,JULHO,QUINTA-FEIRA,14,1
132247581,ba81996efe8949828bfedececce07e9e,24/08/2020,AGOSTO,SEGUNDA-FEIRA,08,1
134571193,9f0830074a364851ad0d5af177560e03,02/10/2020,OUTUBRO,SEXTA-FEIRA,10,1
46504802,b8265749f3504295ae219c2451307721,24/07/2020,JULHO,SEXTA-FEIRA,14,1
121116175,4d37973b9cc44d4cace26e4a73ccca73,30/03/2020,MARCO,SEGUNDA-FEIRA,11,0
138934657,ca21b63a7e37463283c048b944c217e3,26/11/2020,NOVEMBRO,QUINTA-FEIRA,14,0
44490110,97c6a29dba404f14b69587ce9070f5ea,05/05/2020,MAIO,TERCA-FEIRA,09,1
121862957,38841307eb5f4102b0ac6902e0d35fda,05/04/2020,ABRIL,DOMINGO,13,0
132959433,4af047e372a34fb4bdccd6b4eea23241,04/09/2020,SETEMBRO,SEXTA-FEIRA,12,1
47135278,49699183fea34998bebab46ffcc23eae,08/09/2020,SETEMBRO,TERCA-FEIRA,07,1
129446825,368f7ce9d9d54162aa18d74433cdfad8,03/07/2020,JULHO,SEXTA-FEIRA,16,1
134499525,df0da1fd1fa54a40acb6648bbf3749a7,01/10/2020,OUTUBRO,QUINTA-FEIRA,10,1
120958201,58b673cb07074f9e9fe710e6e0682d8b,27/03/2020,MARCO,SEXTA-FEIRA,15,1
118675273,59fc44b7a1f6493fbb957d92edc3a7f9,24/02/2020,FEVEREIRO,SEGUNDA-FEIRA,17,0
133615175,c3bd7f41bdae47e89c751fe771f927ec,16/09/2020,SETEMBRO,QUARTA-FEIRA,13,1
137594577,39e5210d4e574407a2c15e0052421ac7,03/11/2020,NOVEMBRO,TERCA-FEIRA,10,1
138726893,23f68869a7f141f3bb7c6acd2761e71e,23/11/2020,NOVEMBRO,SEGUNDA-FEIRA,11,0
137960839,d70558c79b9d446f88aab1e18c4ec5b3,09/11/2020,NOVEMBRO,SEGUNDA-FEIRA,16,1
118108487,84156c715f204ecf95f37feae2c0a4c2,15/02/2020,FEVEREIRO,SABADO,01,0
137631415,0f6d728e63f7480ca9e284689cd5c015,03/11/2020,NOVEMBRO,TERCA-FEIRA,16,1
125546397,78ceb86e84eb4f08825f5a057bf8f3c3,06/05/2020,MAIO,QUARTA-FEIRA,11,0
47926996,66cc244542c646959f048fff5a286f49,27/10/2020,OUTUBRO,TERCA-FEIRA,10,1
120374809,5545de7562fd4c6596b727eb9a8fd26f,22/03/2020,MARCO,DOMINGO,20,0
130058279,76e7529747ad4f03b60e2c1fb1ff6f59,14/07/2020,JULHO,TERCA-FEIRA,12,0
117233077,5b4349844f364243949803d18fe156ea,06/02/2020,FEVEREIRO,QUINTA-FEIRA,10,1
119084421,342f6adede604e2d87d640288455a86c,02/03/2020,MARCO,SEGUNDA-FEIRA,12,1
131712361,342f6adede604e2d87d640288455a86c,12/08/2020,AGOSTO,QUARTA-FEIRA,15,0
134532751,4d87c231784044ec8cfa3289d72664cc,01/10/2020,OUTUBRO,QUINTA-FEIRA,15,0
140156487,cd8b1e4377334ed198a37780f49fa2fe,20/12/2020,DEZEMBRO,DOMINGO,15,0
129367083,5dc41925bc48492baae549f174c2dd9b,02/07/2020,JULHO,QUINTA-FEIRA,16,0
48797866,d1e8667df91c4daea6763620aaac80bf,23/12/2020,DEZEMBRO,QUARTA-FEIRA,12,1
134971521,b8beff0550ad46369936595abc871133,09/10/2020,OUTUBRO,SEXTA-FEIRA,13,1
140597571,070c23788c204562939d94acd76a0f59,30/12/2020,DEZEMBRO,QUARTA-FEIRA,13,0
134492063,d6d15f0a48b04683bd06c60526e9f0c1,01/10/2020,OUTUBRO,QUINTA-FEIRA,09,0
139005965,f144787cc89a4fab9bececcedf5d5595,27/11/2020,NOVEMBRO,SEXTA-FEIRA,14,1
47011230,24ea23283533434bb6055b1e9117dde4,01/09/2020,SETEMBRO,TERCA-FEIRA,08,1
134177143,baefc2dc2f9b4b4c849d66873b620242,25/09/2020,SETEMBRO,SEXTA-FEIRA,08,1
138580003,9dd6227353074a06b2099ad454a1d40c,19/11/2020,NOVEMBRO,QUINTA-FEIRA,16,1
121804063,3cd32d3443e8406e841f18701e6b1336,03/04/2020,ABRIL,SEXTA-FEIRA,17,1
139049497,983206a77e814bd390cf699f90da0125,28/11/2020,NOVEMBRO,SABADO,13,0
133472327,b75365c1ed964c6f9cd5dc65ff435bfb,14/09/2020,SETEMBRO,SEGUNDA-FEIRA,11,0
121891831,b0665056a0884f1b888dddd75974544d,06/04/2020,ABRIL,SEGUNDA-FEIRA,09,1
132082839,e6c40aafba4b49cb9fb51ae8b1035501,20/08/2020,AGOSTO,QUINTA-FEIRA,08,0
134259345,d6d15f0a48b04683bd06c60526e9f0c1,28/09/2020,SETEMBRO,SEGUNDA-FEIRA,08,1
116867089,bd2b0efec4264f2e89b798a2aadf20a1,03/02/2020,FEVEREIRO,SEGUNDA-FEIRA,17,0
117776087,298d4041d01f46ee982316724d9911de,11/02/2020,FEVEREIRO,TERCA-FEIRA,09,0
138783189,fef1d086633e4e31a8d061d7cdfce6c9,24/11/2020,NOVEMBRO,TERCA-FEIRA,10,1
133949317,78ceb86e84eb4f08825f5a057bf8f3c3,21/09/2020,SETEMBRO,SEGUNDA-FEIRA,16,0
124720977,0688dba18bbc4e9ab8cbf2c92703659b,28/04/2020,ABRIL,TERCA-FEIRA,11,0
126894665,c8c6f83d84d3442cb13cff48938984f4,25/05/2020,MAIO,SEGUNDA-FEIRA,14,0
118387937,97318e89db594647a86f6404daa7f67f,19/02/2020,FEVEREIRO,QUARTA-FEIRA,17,0
134071729,843c905e328740c19257562791a56538,23/09/2020,SETEMBRO,QUARTA-FEIRA,16,0
138518979,122278a7ce83412486641f58e52b932c,18/11/2020,NOVEMBRO,QUARTA-FEIRA,17,1
119281567,db2e7f8a260d40b5a7acb2866471174f,04/03/2020,MARCO,QUARTA-FEIRA,13,1
46813270,d6d15f0a48b04683bd06c60526e9f0c1,23/08/2020,AGOSTO,DOMINGO,09,1
134535019,dfa3a6a8c8354d829bdf5056588713b3,01/10/2020,OUTUBRO,QUINTA-FEIRA,16,0
131399591,270a3d5a6141454b9326e73e207cb870,06/08/2020,AGOSTO,QUINTA-FEIRA,12,0
44451656,f39479e4022343e69d2c01baf434e16b,03/05/2020,MAIO,DOMINGO,22,1
120798479,2ded7fb0f23f4908b937518240fdacbd,26/03/2020,MARCO,QUINTA-FEIRA,11,0
133313727,e6c40aafba4b49cb9fb51ae8b1035501,10/09/2020,SETEMBRO,QUINTA-FEIRA,15,0
118199061,8f095357973f4033b46308c9213f9981,17/02/2020,FEVEREIRO,SEGUNDA-FEIRA,15,1
137951925,8f095357973f4033b46308c9213f9981,09/11/2020,NOVEMBRO,SEGUNDA-FEIRA,14,1
130168447,256fbb9a30f74256ae6808e95a1b1501,16/07/2020,JULHO,QUINTA-FEIRA,08,0
139021373,06f312db9e2f4076b1b4e15b4b8dd0c4,27/11/2020,NOVEMBRO,SEXTA-FEIRA,16,1
133495097,1fa4c912814b409b8bb34acd847c390f,14/09/2020,SETEMBRO,SEGUNDA-FEIRA,15,1
48180324,28569a7370d44b7fbe92134d90e9f330,12/11/2020,NOVEMBRO,QUINTA-FEIRA,19,1
119436181,95b00d20994a4ca9ab776610edc52d78,06/03/2020,MARCO,SEXTA-FEIRA,17,0
137205931,c71daab876ce49f2872a95a2facdfc36,27/10/2020,OUTUBRO,TERCA-FEIRA,12,1
139309321,fa7e253f3ce347cea79b1ea04bd297b4,03/12/2020,DEZEMBRO,QUINTA-FEIRA,13,1
127273491,b0665056a0884f1b888dddd75974544d,31/05/2020,MAIO,DOMINGO,22,1
137613145,24ccf950b38945078c3b9370d4847204,03/11/2020,NOVEMBRO,TERCA-FEIRA,13,0
47663166,1c4dfc62745b430e8e5584632d6ed959,08/10/2020,OUTUBRO,QUINTA-FEIRA,21,1
139388707,4c0e6a7683c94791871bc1d406a3e164,04/12/2020,DEZEMBRO,SEXTA-FEIRA,15,1
137970277,de077c13fd83467ab2ddb1267a9f99ef,09/11/2020,NOVEMBRO,SEGUNDA-FEIRA,17,0
46449474,e82e922fff884644b082249aeb56557b,19/07/2020,JULHO,DOMINGO,19,1
118662755,15155fa725f048b3a4c6b3b10a7aa733,24/02/2020,FEVEREIRO,SEGUNDA-FEIRA,15,1
140516585,4bfcd6b86bc04cf7bbaa1b8a81670787,29/12/2020,DEZEMBRO,TERCA-FEIRA,12,1
47899584,86bc0a74ac0847a9b66a15227a9a4a66,24/10/2020,OUTUBRO,SABADO,12,1
122879951,f3d5ceb1e8bf4088bd24d1c37a2bc257,13/04/2020,ABRIL,SEGUNDA-FEIRA,13,1
134302759,d6d15f0a48b04683bd06c60526e9f0c1,28/09/2020,SETEMBRO,SEGUNDA-FEIRA,14,0
44110758,d6d15f0a48b04683bd06c60526e9f0c1,29/04/2020,ABRIL,QUARTA-FEIRA,18,1
42029506,5dc4626baf9a467f95d9579c98d63524,02/04/2020,ABRIL,QUINTA-FEIRA,20,1
134332187,c4abac3d07954e3ba8e0bed46a093311,29/09/2020,SETEMBRO,TERCA-FEIRA,08,1
139656913,1687e9899f9c45b7a5181f4858a03bcc,10/12/2020,DEZEMBRO,QUINTA-FEIRA,15,0
46460564,c451eee1eba24c5ea4d9b3c4f79cff9a,20/07/2020,JULHO,SEGUNDA-FEIRA,21,1
140187583,e352045f5686456493c15f7216fe56b2,21/12/2020,DEZEMBRO,SEGUNDA-FEIRA,12,0
127385131,ce4b57d989544c38bdd8ec08aa01fe6c,02/06/2020,JUNHO,TERCA-FEIRA,10,1
44843628,58f19d9ca083478c98a715287b2e356c,19/05/2020,MAIO,TERCA-FEIRA,17,1
133689793,dd63273b339f4d22aecadacfdce6348e,17/09/2020,SETEMBRO,QUINTA-FEIRA,15,1
48395754,ad02d20c1cf640b0b37e8c748bb338c1,19/11/2020,NOVEMBRO,QUINTA-FEIRA,15,1
140308587,62e5244abf4345ac8a3b0a70caa59972,23/12/2020,DEZEMBRO,QUARTA-FEIRA,13,0
46839624,abbafced7cde4634ade4de593e527f3e,25/08/2020,AGOSTO,TERCA-FEIRA,14,1
137771063,7dd2ba80eb8a4bb883a95230243dc5db,05/11/2020,NOVEMBRO,QUINTA-FEIRA,16,0
136712765,c829a5e0c23147c9854ccf3f2043d7ea,19/10/2020,OUTUBRO,SEGUNDA-FEIRA,12,0
46450440,d6d15f0a48b04683bd06c60526e9f0c1,20/07/2020,JULHO,SEGUNDA-FEIRA,10,1
125286799,67eb8d7841c043cfbc0895ea36b9fa17,03/05/2020,MAIO,DOMINGO,10,0
131810021,b0665056a0884f1b888dddd75974544d,14/08/2020,AGOSTO,SEXTA-FEIRA,11,0
134186865,d6d15f0a48b04683bd06c60526e9f0c1,25/09/2020,SETEMBRO,SEXTA-FEIRA,10,1
126471191,e82e922fff884644b082249aeb56557b,19/05/2020,MAIO,TERCA-FEIRA,12,1
47369272,78ceb86e84eb4f08825f5a057bf8f3c3,21/09/2020,SETEMBRO,SEGUNDA-FEIRA,18,1
137597027,90d171e6e40e49fab2c8de1c89fb1ad1,03/11/2020,NOVEMBRO,TERCA-FEIRA,11,0
46412950,4694534a1101482b927c45d08d44e4b0,15/07/2020,JULHO,QUARTA-FEIRA,12,1
134400491,f4d7af89222d4df59366bfa953f1d70f,30/09/2020,SETEMBRO,QUARTA-FEIRA,07,1
119476239,67eb8d7841c043cfbc0895ea36b9fa17,09/03/2020,MARCO,SEGUNDA-FEIRA,07,0
117824927,6900b05ce3ee4989aa7b431471335e64,11/02/2020,FEVEREIRO,TERCA-FEIRA,14,0
138766763,fef1d086633e4e31a8d061d7cdfce6c9,23/11/2020,NOVEMBRO,SEGUNDA-FEIRA,19,0
121529391,49699183fea34998bebab46ffcc23eae,01/04/2020,ABRIL,QUARTA-FEIRA,18,0
118576697,e87d305b09c7405a8e5e121d820b693d,21/02/2020,FEVEREIRO,SEXTA-FEIRA,22,1
138507489,b62a42749dfb4919a645e6c94c5d6fa6,18/11/2020,NOVEMBRO,QUARTA-FEIRA,16,1
139483013,dfaead6e47114104b84ee5ee409e8c2c,07/12/2020,DEZEMBRO,SEGUNDA-FEIRA,13,1
140478495,89a7987d4bb74081943dcf220d2292eb,28/12/2020,DEZEMBRO,SEGUNDA-FEIRA,17,0
125508875,60ed128f63d741e69ac55060fc5e95a2,05/05/2020,MAIO,TERCA-FEIRA,19,0
46726854,abbafced7cde4634ade4de593e527f3e,14/08/2020,AGOSTO,SEXTA-FEIRA,18,1
130337925,f3d5ceb1e8bf4088bd24d1c37a2bc257,19/07/2020,JULHO,DOMINGO,16,0
133482231,3d710a428e0845f7a3a240c28ca618bb,14/09/2020,SETEMBRO,SEGUNDA-FEIRA,13,0
133325705,b568bb096e4e41358931d0d33da25e08,10/09/2020,SETEMBRO,QUINTA-FEIRA,17,1
123542815,e5db3c978eab4bbba0c9e7a09596d77f,16/04/2020,ABRIL,QUINTA-FEIRA,11,0
134895997,beef7659636e4672b38d1999dd79ba93,08/10/2020,OUTUBRO,QUINTA-FEIRA,13,1
46458848,be2f667e703045ce91883641e8c6c0fe,20/07/2020,JULHO,SEGUNDA-FEIRA,18,1
126600447,683bddb32679404c93307cbbe8a8e0d0,20/05/2020,MAIO,QUARTA-FEIRA,15,1
138080507,b1378dde6b6f4e26ae7b18de87aa692a,11/11/2020,NOVEMBRO,QUARTA-FEIRA,14,0
47220314,b4afd1996a7e499f8f87361f367c9aeb,12/09/2020,SETEMBRO,SABADO,11,1
130222601,d02b3f88a772486385642416b78714cc,16/07/2020,JULHO,QUINTA-FEIRA,16,0
131989845,24c213a821eb434ca5854c3d942690ca,18/08/2020,AGOSTO,TERCA-FEIRA,15,0
140065403,ef67525599fb4ed296b4d30125dc74e4,18/12/2020,DEZEMBRO,SEXTA-FEIRA,10,1
139324961,d5b0f1136bab47dda489d1eeaae9edf4,03/12/2020,DEZEMBRO,QUINTA-FEIRA,16,1
128376263,15155fa725f048b3a4c6b3b10a7aa733,19/06/2020,JUNHO,SEXTA-FEIRA,13,1
47539458,abbafced7cde4634ade4de593e527f3e,30/09/2020,SETEMBRO,QUARTA-FEIRA,12,1
140545489,12a7bb50067d43f18642e46712fd2d38,29/12/2020,DEZEMBRO,TERCA-FEIRA,16,0
138618153,aa414af793d143e799b672a39065edd0,20/11/2020,NOVEMBRO,SEXTA-FEIRA,11,1
126921977,c4a2f69f8c2e40a29bca3d95ac3ba316,25/05/2020,MAIO,SEGUNDA-FEIRA,18,1
122437275,572e26e41f8c4c38a882c7bf9c027ebf,09/04/2020,ABRIL,QUINTA-FEIRA,16,0
47865586,b41ceeb40da949169dce3e623c143f8f,22/10/2020,OUTUBRO,QUINTA-FEIRA,11,1
140235915,224b304199ed4c35b74e09a367e4a38c,22/12/2020,DEZEMBRO,TERCA-FEIRA,09,1
134400953,78ceb86e84eb4f08825f5a057bf8f3c3,30/09/2020,SETEMBRO,QUARTA-FEIRA,08,0
136854819,30b73979f70541d6857e2f86872adfed,21/10/2020,OUTUBRO,QUARTA-FEIRA,10,0
48800988,6cc9207bb02448e2b3cce1c80ee6bfeb,23/12/2020,DEZEMBRO,QUARTA-FEIRA,19,1
134971141,7a6d3a80208d4d2ab22959b6a68663dc,09/10/2020,OUTUBRO,SEXTA-FEIRA,13,1
45158534,fdf4d2eebdce4edb86bfc106b1224254,01/06/2020,JUNHO,SEGUNDA-FEIRA,10,1
139097999,983206a77e814bd390cf699f90da0125,30/11/2020,NOVEMBRO,SEGUNDA-FEIRA,10,0
126899411,7f6e4953056043dc8b03890944b4cd43,25/05/2020,MAIO,SEGUNDA-FEIRA,14,0
137604483,ea95245153af4a3ca16d348de21e154d,03/11/2020,NOVEMBRO,TERCA-FEIRA,12,1
139851747,bbb510bf67c04b0eb68d0ecc5df5d91e,14/12/2020,DEZEMBRO,SEGUNDA-FEIRA,17,0
117820655,478f1d1946054e38a66fb3da38ef755e,11/02/2020,FEVEREIRO,TERCA-FEIRA,14,1
131117985,d6d15f0a48b04683bd06c60526e9f0c1,01/08/2020,AGOSTO,SABADO,13,0
48404874,12e3286f48c843eea465347244274317,20/11/2020,NOVEMBRO,SEXTA-FEIRA,12,1
41089944,24c213a821eb434ca5854c3d942690ca,13/02/2020,FEVEREIRO,QUINTA-FEIRA,14,1
139170939,539e880c582c4c25a7dacc8c252ec90f,01/12/2020,DEZEMBRO,TERCA-FEIRA,14,0
48632556,224b304199ed4c35b74e09a367e4a38c,11/12/2020,DEZEMBRO,SEXTA-FEIRA,10,1
127247035,c1dd4897029f4d689d8bf29190c87169,30/05/2020,MAIO,SABADO,09,0
132743105,b7f6105b96544ffda9183cc5c5d920d2,01/09/2020,SETEMBRO,TERCA-FEIRA,11,1
129648317,5c440e33b90b4705bb852da8e59844c5,07/07/2020,JULHO,TERCA-FEIRA,15,0
131450243,cd8b1e4377334ed198a37780f49fa2fe,07/08/2020,AGOSTO,SEXTA-FEIRA,10,0
136567863,a33736a206a04f0a945549b14909f118,15/10/2020,OUTUBRO,QUINTA-FEIRA,14,0
127936739,9a02e3747f23406cb075c610bde7554e,12/06/2020,JUNHO,SEXTA-FEIRA,11,1
134850415,1645ee6b29c747ea973f891fecc560d4,07/10/2020,OUTUBRO,QUARTA-FEIRA,18,0
41124574,d82845a7378844aa80dc5a1232c3d32c,15/02/2020,FEVEREIRO,SABADO,22,1
44710296,270a3d5a6141454b9326e73e207cb870,13/05/2020,MAIO,QUARTA-FEIRA,20,1
132641617,76e7529747ad4f03b60e2c1fb1ff6f59,31/08/2020,AGOSTO,SEGUNDA-FEIRA,05,0
116254583,5abb7307f641435dacf0ebf1936d6667,28/01/2020,JANEIRO,TERCA-FEIRA,10,1
139557829,ba81996efe8949828bfedececce07e9e,09/12/2020,DEZEMBRO,QUARTA-FEIRA,11,1
140465205,212b0363974e4b768655eb46e6183166,28/12/2020,DEZEMBRO,SEGUNDA-FEIRA,15,1
140229311,224b304199ed4c35b74e09a367e4a38c,22/12/2020,DEZEMBRO,TERCA-FEIRA,09,1
138784485,d008d9cf3c084b50af9ff87d0ea508d3,24/11/2020,NOVEMBRO,TERCA-FEIRA,10,1
48429160,f144787cc89a4fab9bececcedf5d5595,23/11/2020,NOVEMBRO,SEGUNDA-FEIRA,14,1
119041199,78ceb86e84eb4f08825f5a057bf8f3c3,01/03/2020,MARCO,DOMINGO,19,1
135077545,0f5a23e366434e6381873d02f61d6da9,12/10/2020,OUTUBRO,SEGUNDA-FEIRA,14,1
133751675,0721c3a573b8414d9b0518b7660d7de2,18/09/2020,SETEMBRO,SEXTA-FEIRA,17,0
126912763,c0b250b2e4f64bda9a64530a7b73cf88,25/05/2020,MAIO,SEGUNDA-FEIRA,15,0
132517851,226f632dd8754fc6b99594cc6b1fcb0a,27/08/2020,AGOSTO,QUINTA-FEIRA,19,1
136548013,a323ee8abddf4fd2a7fd281d82459f06,15/10/2020,OUTUBRO,QUINTA-FEIRA,11,0
137536449,94df02245f274e44971470a8554fe87d,02/11/2020,NOVEMBRO,SEGUNDA-FEIRA,12,1
139647205,56b61f9d487d44849bab3f9298e7bf00,10/12/2020,DEZEMBRO,QUINTA-FEIRA,14,1
46517440,c4abac3d07954e3ba8e0bed46a093311,27/07/2020,JULHO,SEGUNDA-FEIRA,11,1
133765477,11b63b235b93464fafeef3dac8a7cdad,18/09/2020,SETEMBRO,SEXTA-FEIRA,17,0
124615965,e82e922fff884644b082249aeb56557b,27/04/2020,ABRIL,SEGUNDA-FEIRA,11,0
134330849,d6d15f0a48b04683bd06c60526e9f0c1,29/09/2020,SETEMBRO,TERCA-FEIRA,08,0
138223149,67eb8d7841c043cfbc0895ea36b9fa17,13/11/2020,NOVEMBRO,SEXTA-FEIRA,15,0
139668011,ed91f9a6016e49f68dd99e38c41d8a71,10/12/2020,DEZEMBRO,QUINTA-FEIRA,16,1
117359771,c162de451248401b94dc17e4d5bdc0df,07/02/2020,FEVEREIRO,SEXTA-FEIRA,06,0
139750675,593dd4c5c4184e7ebc96fbad051d6bc6,12/12/2020,DEZEMBRO,SABADO,00,0
47660358,d6d15f0a48b04683bd06c60526e9f0c1,08/10/2020,OUTUBRO,QUINTA-FEIRA,18,1
46553112,17d932e6fbb1454b92c48bad8b148806,30/07/2020,JULHO,QUINTA-FEIRA,10,1
139481041,a68a36476237455a99d3d9a8a9c09b4d,07/12/2020,DEZEMBRO,SEGUNDA-FEIRA,13,0
139853313,5dc41925bc48492baae549f174c2dd9b,14/12/2020,DEZEMBRO,SEGUNDA-FEIRA,18,1
133100847,d02b3f88a772486385642416b78714cc,07/09/2020,SETEMBRO,SEGUNDA-FEIRA,18,1
134753253,5b4349844f364243949803d18fe156ea,06/10/2020,OUTUBRO,TERCA-FEIRA,14,1
131621631,256fbb9a30f74256ae6808e95a1b1501,11/08/2020,AGOSTO,TERCA-FEIRA,11,0
48741494,4a7becbbd1854746bd95b7a65a90426c,18/12/2020,DEZEMBRO,SEXTA-FEIRA,03,1
126174663,6657241c0c5b4c48a049e86c34855bfc,15/05/2020,MAIO,SEXTA-FEIRA,09,1
138046389,f4fee0a92e8e4e7d95e2b5a8b2c793f3,11/11/2020,NOVEMBRO,QUARTA-FEIRA,08,1
133998901,226f632dd8754fc6b99594cc6b1fcb0a,22/09/2020,SETEMBRO,TERCA-FEIRA,13,1
44481786,e4613043efdd4a36b3b8f6c125ddf393,04/05/2020,MAIO,SEGUNDA-FEIRA,23,1
140452535,df1be23566ca48d28fe3b77277629337,28/12/2020,DEZEMBRO,SEGUNDA-FEIRA,13,1
132351329,843c905e328740c19257562791a56538,25/08/2020,AGOSTO,TERCA-FEIRA,14,0
129645969,5c440e33b90b4705bb852da8e59844c5,07/07/2020,JULHO,TERCA-FEIRA,15,0
118045173,f04b82907d58474dac86d748087fbd95,14/02/2020,FEVEREIRO,SEXTA-FEIRA,10,1
119291755,bf4bff21864f48c6ae50a46e49992e93,04/03/2020,MARCO,QUARTA-FEIRA,14,1
139934191,15155fa725f048b3a4c6b3b10a7aa733,16/12/2020,DEZEMBRO,QUARTA-FEIRA,09,1
139719879,84eebe3b193842729006d6670b51e5f4,11/12/2020,DEZEMBRO,SEXTA-FEIRA,14,1
43521494,7d7e906ad73e482584ff85522841f694,23/04/2020,ABRIL,QUINTA-FEIRA,10,1
134565867,d6d15f0a48b04683bd06c60526e9f0c1,02/10/2020,OUTUBRO,SEXTA-FEIRA,10,0
47715056,1f35a3dde40242c182c6e6f36220f704,12/10/2020,OUTUBRO,SEGUNDA-FEIRA,21,1
130735079,270a3d5a6141454b9326e73e207cb870,27/07/2020,JULHO,SEGUNDA-FEIRA,10,1
132830393,b7f6105b96544ffda9183cc5c5d920d2,02/09/2020,SETEMBRO,QUARTA-FEIRA,14,1
121681821,256fbb9a30f74256ae6808e95a1b1501,03/04/2020,ABRIL,SEXTA-FEIRA,07,0
138061363,b031e00ca6454509b2197223836db49d,11/11/2020,NOVEMBRO,QUARTA-FEIRA,11,1
124802503,6fe1f9dd46054decbc6dfa84dfa5f5c8,29/04/2020,ABRIL,QUARTA-FEIRA,10,0
125763789,aadedea0b29f414d8cb0631d15a96b9a,08/05/2020,MAIO,SEXTA-FEIRA,15,1
131828655,5b8c5b90778e47b18b2456e9869f887f,14/08/2020,AGOSTO,SEXTA-FEIRA,14,1
138067343,7459dcc597624e6abf98e0047e4f0037,11/11/2020,NOVEMBRO,QUARTA-FEIRA,12,1
140277035,15155fa725f048b3a4c6b3b10a7aa733,22/12/2020,DEZEMBRO,TERCA-FEIRA,19,0
117782195,783ae4f1e6664972b8f9a08342b10397,11/02/2020,FEVEREIRO,TERCA-FEIRA,09,0
139633051,5c2d686d79474843bb41b51d4da5c7f5,10/12/2020,DEZEMBRO,QUINTA-FEIRA,11,0
136758885,2becbe6f7e8b467e9dfc5cc9bdb3e795,20/10/2020,OUTUBRO,TERCA-FEIRA,09,1
139212271,8b5fc62b3b9f4ec4a81b5bee67eb9ddb,02/12/2020,DEZEMBRO,QUARTA-FEIRA,11,1
123452007,776871c9b81b4998aa63a04b0311977a,15/04/2020,ABRIL,QUARTA-FEIRA,11,1
48503738,f144787cc89a4fab9bececcedf5d5595,28/11/2020,NOVEMBRO,SABADO,21,1
120187917,23723b5ae2b04710a45930c4fcb6458b,19/03/2020,MARCO,QUINTA-FEIRA,16,1
130860041,64b2cf522c634d87ab3f317acb44caf1,28/07/2020,JULHO,TERCA-FEIRA,15,0
137980225,50032aad4013433fb4406440a59efc98,09/11/2020,NOVEMBRO,SEGUNDA-FEIRA,21,1
116857375,f04b82907d58474dac86d748087fbd95,03/02/2020,FEVEREIRO,SEGUNDA-FEIRA,17,1
119399037,d3ed306efb4e4bd583eca8fc686c7b63,06/03/2020,MARCO,SEXTA-FEIRA,10,1
48692678,478f1d1946054e38a66fb3da38ef755e,15/12/2020,DEZEMBRO,TERCA-FEIRA,15,1
139911889,d81e5dc2f0054e87829c1e93522cee73,15/12/2020,DEZEMBRO,TERCA-FEIRA,16,1
48040304,3ce7e7e0adcd40d3a869259d87e19637,04/11/2020,NOVEMBRO,QUARTA-FEIRA,10,1
137759373,e5d6920da503405aa449881676c58716,05/11/2020,NOVEMBRO,QUINTA-FEIRA,14,1
137909441,4a9de21b35a04c0f9c736afa32ce859a,09/11/2020,NOVEMBRO,SEGUNDA-FEIRA,09,1
139936865,5a3095de6e06428186a4160cf710901d,16/12/2020,DEZEMBRO,QUARTA-FEIRA,10,0
46089296,b031e00ca6454509b2197223836db49d,30/06/2020,JUNHO,TERCA-FEIRA,09,1
137770609,2c4d9dfaaec641cd98c3451931ad67e7,05/11/2020,NOVEMBRO,QUINTA-FEIRA,16,0
130246377,ba380fbc86a647bfbd2cd7df7db2f0de,17/07/2020,JULHO,SEXTA-FEIRA,08,1
134873625,fbb3239246734a198492e61048bac1f5,08/10/2020,OUTUBRO,QUINTA-FEIRA,10,0
117882497,0d2c255eca474d0592d91237b9bf2198,12/02/2020,FEVEREIRO,QUARTA-FEIRA,10,0
46780250,5520da44689f44ee9f1de0f3e6f9f2b8,20/08/2020,AGOSTO,QUINTA-FEIRA,16,1
41729502,fa7e253f3ce347cea79b1ea04bd297b4,23/03/2020,MARCO,SEGUNDA-FEIRA,12,1
132620399,226f632dd8754fc6b99594cc6b1fcb0a,29/08/2020,AGOSTO,SABADO,19,0
137997761,a34292e443474c678501176be35bcac7,10/11/2020,NOVEMBRO,TERCA-FEIRA,11,0
121219843,7c3730a3917a4794a57c56361d1d6e68,31/03/2020,MARCO,TERCA-FEIRA,09,0
48813802,7406417daf6140d2a613e183c4120f5d,27/12/2020,DEZEMBRO,DOMINGO,01,1
134850505,1645ee6b29c747ea973f891fecc560d4,07/10/2020,OUTUBRO,QUARTA-FEIRA,18,0
126264491,2bc76e7fb2384f8ab4b678d9ab0c9330,15/05/2020,MAIO,SEXTA-FEIRA,16,1
44067324,40897170c9d547c583fbbf0492cc78df,28/04/2020,ABRIL,TERCA-FEIRA,09,1
138592843,5f7409bcaafb455fa9d9a6f4e3101861,19/11/2020,NOVEMBRO,QUINTA-FEIRA,17,0
48389940,ba81996efe8949828bfedececce07e9e,19/11/2020,NOVEMBRO,QUINTA-FEIRA,11,1
137997465,1e8fac876f6c48a2883ffc909a0da425,10/11/2020,NOVEMBRO,TERCA-FEIRA,11,1
48043480,c09699189dd048089fd2816055d2c0e7,04/11/2020,NOVEMBRO,QUARTA-FEIRA,11,1
140143269,67eb8d7841c043cfbc0895ea36b9fa17,19/12/2020,DEZEMBRO,SABADO,18,0
130821749,2153ffa2529149ab84b30789694996ad,28/07/2020,JULHO,TERCA-FEIRA,10,1
48059618,ca761e31c69b49e8a302a5db04ab9e1a,05/11/2020,NOVEMBRO,QUINTA-FEIRA,09,1
47831150,50c93567854d4a70b1dba545dc825ba6,20/10/2020,OUTUBRO,TERCA-FEIRA,19,1
117971941,bf4bff21864f48c6ae50a46e49992e93,13/02/2020,FEVEREIRO,QUINTA-FEIRA,10,1
116618009,88a3a88e792d4e3c856f56d9a1db232e,31/01/2020,JANEIRO,SEXTA-FEIRA,14,0
47906492,c7c2cb309edb4fc2816e75d1ccbbed2c,25/10/2020,OUTUBRO,DOMINGO,21,1
41527508,5c2bac0bca184ecda0287d24fc854011,11/03/2020,MARCO,QUARTA-FEIRA,10,1
138201983,46e19d048c9045a4bb14b13d386a2f2a,13/11/2020,NOVEMBRO,SEXTA-FEIRA,13,0
132435781,776b3cb9d8144952bd4f4d20321b3745,26/08/2020,AGOSTO,QUARTA-FEIRA,15,0
125635727,4af58c51a9874150922e795e04665cbf,07/05/2020,MAIO,QUINTA-FEIRA,10,0
46537048,abbafced7cde4634ade4de593e527f3e,28/07/2020,JULHO,TERCA-FEIRA,20,1
119623981,342f6adede604e2d87d640288455a86c,10/03/2020,MARCO,TERCA-FEIRA,14,1
116941327,c377eca363c245a080bb219f56d31f4b,04/02/2020,FEVEREIRO,TERCA-FEIRA,12,1
136492467,25bf7557861f40f69d801b12a58ee28c,14/10/2020,OUTUBRO,QUARTA-FEIRA,12,1
139025869,776b3cb9d8144952bd4f4d20321b3745,27/11/2020,NOVEMBRO,SEXTA-FEIRA,17,1
128259967,c1579e283c6640a4b23438b252d9fb4f,18/06/2020,JUNHO,QUINTA-FEIRA,09,1
129786177,6c4e77603cc248569d5a10c2c5ef9a28,09/07/2020,JULHO,QUINTA-FEIRA,09,1
118081273,29f0981acc12435f8d8b108e420b7591,14/02/2020,FEVEREIRO,SEXTA-FEIRA,15,1
116627375,f04b82907d58474dac86d748087fbd95,31/01/2020,JANEIRO,SEXTA-FEIRA,16,0
140312873,40e5b2659b11477a86ae54d2edbbb1c8,23/12/2020,DEZEMBRO,QUARTA-FEIRA,14,0
124823551,9a02e3747f23406cb075c610bde7554e,29/04/2020,ABRIL,QUARTA-FEIRA,12,0
119302147,95b00d20994a4ca9ab776610edc52d78,04/03/2020,MARCO,QUARTA-FEIRA,16,0
131596463,e87d305b09c7405a8e5e121d820b693d,10/08/2020,AGOSTO,SEGUNDA-FEIRA,18,1
125567437,42ecc943d5a64a1f82ddb71834a7ab52,06/05/2020,MAIO,QUARTA-FEIRA,13,0
119837551,a3c8d94747994b3ba71aa4bf8693e9fa,13/03/2020,MARCO,SEXTA-FEIRA,14,1
48743102,478f1d1946054e38a66fb3da38ef755e,18/12/2020,DEZEMBRO,SEXTA-FEIRA,10,1
130014865,5ce095386bc647a7b7c7734bb948ae79,13/07/2020,JULHO,SEGUNDA-FEIRA,17,1
41953216,7d72d804e05f47de8b03356bb6da8380,31/03/2020,MARCO,TERCA-FEIRA,15,1
133651397,d6d15f0a48b04683bd06c60526e9f0c1,17/09/2020,SETEMBRO,QUINTA-FEIRA,10,1
129386791,5dc41925bc48492baae549f174c2dd9b,03/07/2020,JULHO,SEXTA-FEIRA,08,0
134376853,0f6d728e63f7480ca9e284689cd5c015,29/09/2020,SETEMBRO,TERCA-FEIRA,15,0
138499397,a7de3b84a2d5441fbf12e1e16bfae815,18/11/2020,NOVEMBRO,QUARTA-FEIRA,15,1
129476039,6c4e77603cc248569d5a10c2c5ef9a28,04/07/2020,JULHO,SABADO,21,1
137248463,d8d08d7850134a1da0ca527e337b44b7,28/10/2020,OUTUBRO,QUARTA-FEIRA,09,1
42055126,a7cdd96c4cf24d4a8685eeed1785167b,03/04/2020,ABRIL,SEXTA-FEIRA,19,1
47332844,cd882ee169574da19346654480c43ea3,18/09/2020,SETEMBRO,SEXTA-FEIRA,23,1
116802635,d39b63fdcde9484fbefc29cd66cdf632,03/02/2020,FEVEREIRO,SEGUNDA-FEIRA,12,1
134350931,78ceb86e84eb4f08825f5a057bf8f3c3,29/09/2020,SETEMBRO,TERCA-FEIRA,11,0
134401633,78ceb86e84eb4f08825f5a057bf8f3c3,30/09/2020,SETEMBRO,QUARTA-FEIRA,08,1
130416215,3617d2498c984ecab3932da030a0fcf5,20/07/2020,JULHO,SEGUNDA-FEIRA,18,0
131501829,67eb8d7841c043cfbc0895ea36b9fa17,08/08/2020,AGOSTO,SABADO,06,0
48442666,4858668d70e64543bc5c183b6217753b,24/11/2020,NOVEMBRO,TERCA-FEIRA,10,1
134268683,4d37973b9cc44d4cace26e4a73ccca73,28/09/2020,SETEMBRO,SEGUNDA-FEIRA,09,0
118299293,c7aaaa96059c457690d888a79fdbcb3c,18/02/2020,FEVEREIRO,TERCA-FEIRA,17,1
132079253,e6c40aafba4b49cb9fb51ae8b1035501,20/08/2020,AGOSTO,QUINTA-FEIRA,07,0
128601867,94df02245f274e44971470a8554fe87d,23/06/2020,JUNHO,TERCA-FEIRA,14,1
131663389,6e36d116df944d30b4e19782be58e500,12/08/2020,AGOSTO,QUARTA-FEIRA,07,0
48551732,26b3806e76044c208f3f4f338f00aee8,03/12/2020,DEZEMBRO,QUINTA-FEIRA,12,1
140199005,e352045f5686456493c15f7216fe56b2,21/12/2020,DEZEMBRO,SEGUNDA-FEIRA,14,1
137205415,951582be2c1a4394abd5908329388bf8,27/10/2020,OUTUBRO,TERCA-FEIRA,12,0
48817314,9e4e6b3cab9c41e480685a5db3c128c8,27/12/2020,DEZEMBRO,DOMINGO,12,1
140120227,05539d3dfc0d4b90857611b68b3d38c0,18/12/2020,DEZEMBRO,SEXTA-FEIRA,19,0
117241223,7a7b87b2f70e481f845bc1372d49dbed,06/02/2020,FEVEREIRO,QUINTA-FEIRA,11,1
47998052,224b304199ed4c35b74e09a367e4a38c,01/11/2020,NOVEMBRO,DOMINGO,09,1
139968215,63e774f46e3f40d1986a7c7c1235438d,16/12/2020,DEZEMBRO,QUARTA-FEIRA,15,0
139984375,f20c5b32c82a44e38b9b689d6d0fc38d,16/12/2020,DEZEMBRO,QUARTA-FEIRA,17,1
117719939,826e23c35be2453f91f4fcb2e718f3a0,10/02/2020,FEVEREIRO,SEGUNDA-FEIRA,14,0
48319654,ca761e31c69b49e8a302a5db04ab9e1a,14/11/2020,NOVEMBRO,SABADO,22,1
117959819,056d32ffaff0404abbf2d11981967360,13/02/2020,FEVEREIRO,QUINTA-FEIRA,01,1
139249183,4694534a1101482b927c45d08d44e4b0,02/12/2020,DEZEMBRO,QUARTA-FEIRA,15,0
134907295,15981485c0ea4780b8d28454f214b24d,08/10/2020,OUTUBRO,QUINTA-FEIRA,15,0
48332980,478f1d1946054e38a66fb3da38ef755e,16/11/2020,NOVEMBRO,SEGUNDA-FEIRA,11,1
138195953,ed91f9a6016e49f68dd99e38c41d8a71,13/11/2020,NOVEMBRO,SEXTA-FEIRA,11,0
48760096,044b66daadb84aaf837dc5f3799571a4,20/12/2020,DEZEMBRO,DOMINGO,00,1
134433937,a1a7fe24bc4141c4babe6d53236dd3a8,30/09/2020,SETEMBRO,QUARTA-FEIRA,12,1
45082914,776871c9b81b4998aa63a04b0311977a,27/05/2020,MAIO,QUARTA-FEIRA,21,1
133052911,9dd041469b384707af584ef6721d7e15,07/09/2020,SETEMBRO,SEGUNDA-FEIRA,10,0
41039148,f04b82907d58474dac86d748087fbd95,11/02/2020,FEVEREIRO,TERCA-FEIRA,12,1
139945377,4d37973b9cc44d4cace26e4a73ccca73,16/12/2020,DEZEMBRO,QUARTA-FEIRA,11,1
48419836,44823c22021244dcb746240dbde2e4a6,22/11/2020,NOVEMBRO,DOMINGO,09,1
139880563,f0e590a19c954e499eb5501dd62afdc0,15/12/2020,DEZEMBRO,TERCA-FEIRA,11,1
139471475,e6c40aafba4b49cb9fb51ae8b1035501,07/12/2020,DEZEMBRO,SEGUNDA-FEIRA,12,0
48641332,3435dafdbf794ba3be149ca97a07a160,11/12/2020,DEZEMBRO,SEXTA-FEIRA,22,1
44926654,5ac87b2021e44cd99b2c7cf3b6da4b3b,21/05/2020,MAIO,QUINTA-FEIRA,19,1
125935777,5752221717994b2dada61786c6e4a372,11/05/2020,MAIO,SEGUNDA-FEIRA,15,1
138826563,f7926d7830894c759035d3eb70dc8adc,24/11/2020,NOVEMBRO,TERCA-FEIRA,17,1
46455752,db38d20b198743e186a35890d6b640f3,20/07/2020,JULHO,SEGUNDA-FEIRA,15,1
116400833,c4a2f69f8c2e40a29bca3d95ac3ba316,29/01/2020,JANEIRO,QUARTA-FEIRA,14,1
120900107,49699183fea34998bebab46ffcc23eae,27/03/2020,MARCO,SEXTA-FEIRA,11,0
140535143,ba81996efe8949828bfedececce07e9e,29/12/2020,DEZEMBRO,TERCA-FEIRA,14,1
46186430,a8325b2a457148af8c5e3d9f6664b783,06/07/2020,JULHO,SEGUNDA-FEIRA,11,1
120429575,0aa9e4852ad14d0384b7cde5d6dcdb6d,23/03/2020,MARCO,SEGUNDA-FEIRA,12,1
131184367,49699183fea34998bebab46ffcc23eae,03/08/2020,AGOSTO,SEGUNDA-FEIRA,12,0
139105001,f144787cc89a4fab9bececcedf5d5595,30/11/2020,NOVEMBRO,SEGUNDA-FEIRA,11,1
117797623,f04b82907d58474dac86d748087fbd95,11/02/2020,FEVEREIRO,TERCA-FEIRA,11,1
139683481,f4fb905811404fb3b5eb815420775df8,11/12/2020,DEZEMBRO,SEXTA-FEIRA,08,0
140571293,4a9de21b35a04c0f9c736afa32ce859a,30/12/2020,DEZEMBRO,QUARTA-FEIRA,09,1
48319264,ea40a71fbc504a42a7f38919cf3e336e,14/11/2020,NOVEMBRO,SABADO,22,1
133343855,bc424f7062ca42df81c40bcc8205f48b,11/09/2020,SETEMBRO,SEXTA-FEIRA,09,0
48435432,f144787cc89a4fab9bececcedf5d5595,23/11/2020,NOVEMBRO,SEGUNDA-FEIRA,15,1
120282359,8f095357973f4033b46308c9213f9981,20/03/2020,MARCO,SEXTA-FEIRA,15,0
132836129,8eeacd1cf2c74f18b15c2c0b819f33eb,02/09/2020,SETEMBRO,QUARTA-FEIRA,15,0
122048505,42c292b3639442d3b072f96eeee1e26c,07/04/2020,ABRIL,TERCA-FEIRA,11,0
47861282,c162de451248401b94dc17e4d5bdc0df,22/10/2020,OUTUBRO,QUINTA-FEIRA,08,1
130535485,4694534a1101482b927c45d08d44e4b0,22/07/2020,JULHO,QUARTA-FEIRA,14,1
119294103,ea40a71fbc504a42a7f38919cf3e336e,04/03/2020,MARCO,QUARTA-FEIRA,15,1
133933095,c4a2f69f8c2e40a29bca3d95ac3ba316,21/09/2020,SETEMBRO,SEGUNDA-FEIRA,13,1
42619338,28569a7370d44b7fbe92134d90e9f330,11/04/2020,ABRIL,SABADO,16,1
139939889,0a3647bea26b4402aef7e6c6dff3a6d4,16/12/2020,DEZEMBRO,QUARTA-FEIRA,10,1
131690261,b75365c1ed964c6f9cd5dc65ff435bfb,12/08/2020,AGOSTO,QUARTA-FEIRA,12,0
139022775,df281dc485c3466982b560ceeaf364ff,27/11/2020,NOVEMBRO,SEXTA-FEIRA,17,1
136465787,bc424f7062ca42df81c40bcc8205f48b,14/10/2020,OUTUBRO,QUARTA-FEIRA,09,1
119454967,cd8b1e4377334ed198a37780f49fa2fe,07/03/2020,MARCO,SABADO,15,0
125590121,c6b1d8797c1a49c48ac459de9c41f90f,06/05/2020,MAIO,QUARTA-FEIRA,16,1
47263680,4fc83310c9cc44ef8e2bbdf850ff5187,15/09/2020,SETEMBRO,TERCA-FEIRA,12,1
134866219,87adca903e4143edb420f433427bd636,08/10/2020,OUTUBRO,QUINTA-FEIRA,09,0
137145021,abbafced7cde4634ade4de593e527f3e,26/10/2020,OUTUBRO,SEGUNDA-FEIRA,11,1
48723482,411096cbd7da40c295a16e8d35b2c116,16/12/2020,DEZEMBRO,QUARTA-FEIRA,22,1
132181711,8f095357973f4033b46308c9213f9981,21/08/2020,AGOSTO,SEXTA-FEIRA,13,1
129181755,939231f725a1408c9afec87aa7419f6f,30/06/2020,JUNHO,TERCA-FEIRA,11,1
138234701,2c90e6aa8e484ab781d51f9906c7d7d9,13/11/2020,NOVEMBRO,SEXTA-FEIRA,17,0
139316335,cd8b1e4377334ed198a37780f49fa2fe,03/12/2020,DEZEMBRO,QUINTA-FEIRA,14,0
132577539,b031e00ca6454509b2197223836db49d,28/08/2020,AGOSTO,SEXTA-FEIRA,16,1
47350256,c4a2f69f8c2e40a29bca3d95ac3ba316,19/09/2020,SETEMBRO,SABADO,19,1
45950832,42d1cb59ef354394bb17795f82679f15,26/06/2020,JUNHO,SEXTA-FEIRA,10,1
123768701,1cbe711dfeda4a2ab27eac8787922c31,20/04/2020,ABRIL,SEGUNDA-FEIRA,11,1
133525237,569c804b0cbf4f328d1130301dfdcf13,15/09/2020,SETEMBRO,TERCA-FEIRA,09,1
126155853,6657241c0c5b4c48a049e86c34855bfc,14/05/2020,MAIO,QUINTA-FEIRA,17,0
122356103,338a4c58e147419998e8d318d6005ccc,09/04/2020,ABRIL,QUINTA-FEIRA,09,0
45517060,0688dba18bbc4e9ab8cbf2c92703659b,16/06/2020,JUNHO,TERCA-FEIRA,10,1
46459178,40897170c9d547c583fbbf0492cc78df,20/07/2020,JULHO,SEGUNDA-FEIRA,17,1
43384850,107c40186ad0458c974ea02e6681a665,16/04/2020,ABRIL,QUINTA-FEIRA,13,1
125392619,1df32508f76d421289d3288b4fa1961e,04/05/2020,MAIO,SEGUNDA-FEIRA,15,0
137764527,cd8b1e4377334ed198a37780f49fa2fe,05/11/2020,NOVEMBRO,QUINTA-FEIRA,15,0
123773207,5f08b181325648e99f65112fa5ff90e5,20/04/2020,ABRIL,SEGUNDA-FEIRA,12,1
140252665,d39b63fdcde9484fbefc29cd66cdf632,22/12/2020,DEZEMBRO,TERCA-FEIRA,13,0
137429355,0a90e59d7cf74348848e06daf52f4f47,30/10/2020,OUTUBRO,SEXTA-FEIRA,15,1
139931243,939231f725a1408c9afec87aa7419f6f,16/12/2020,DEZEMBRO,QUARTA-FEIRA,09,1
121798027,3cd32d3443e8406e841f18701e6b1336,03/04/2020,ABRIL,SEXTA-FEIRA,17,0
140210223,a11bd0c30a2047b1bc07ba29083f073b,21/12/2020,DEZEMBRO,SEGUNDA-FEIRA,16,1
126471111,1f35a3dde40242c182c6e6f36220f704,19/05/2020,MAIO,TERCA-FEIRA,12,1
137803545,d543ecc6d8c94c3b98769687cbc6e1b5,06/11/2020,NOVEMBRO,SEXTA-FEIRA,11,1
139394815,6776b0af6fa4492fa1c93e8f48be6698,04/12/2020,DEZEMBRO,SEXTA-FEIRA,16,1
138436283,1dd87509471740cfa16008cfbf9af707,17/11/2020,NOVEMBRO,TERCA-FEIRA,16,0
134867903,87adca903e4143edb420f433427bd636,08/10/2020,OUTUBRO,QUINTA-FEIRA,09,0
137846165,2c90e6aa8e484ab781d51f9906c7d7d9,06/11/2020,NOVEMBRO,SEXTA-FEIRA,18,1
128549629,8d361d3b1cdc46f0852825380c5c337f,22/06/2020,JUNHO,SEGUNDA-FEIRA,20,1
127643783,25817d9f4ca24430bcbf1ecd621f7da6,05/06/2020,JUNHO,SEXTA-FEIRA,14,0
127192477,270a3d5a6141454b9326e73e207cb870,29/05/2020,MAIO,SEXTA-FEIRA,10,1
130961379,73cf73d79a604ff8846a12e65a39d90b,30/07/2020,JULHO,QUINTA-FEIRA,09,0
137352885,25bf7557861f40f69d801b12a58ee28c,29/10/2020,OUTUBRO,QUINTA-FEIRA,14,0
137662653,90d171e6e40e49fab2c8de1c89fb1ad1,04/11/2020,NOVEMBRO,QUARTA-FEIRA,09,1
46856492,e4613043efdd4a36b3b8f6c125ddf393,26/08/2020,AGOSTO,QUARTA-FEIRA,15,1
139240903,e2db970a519741d7a8b6455dcfb93357,02/12/2020,DEZEMBRO,QUARTA-FEIRA,14,0
130843655,6b1bc926baf34b37ad9b2030a197ae03,28/07/2020,JULHO,TERCA-FEIRA,13,1
48643868,e41746c59dc04595a65f5249a3e1a50c,12/12/2020,DEZEMBRO,SABADO,17,1
41847864,e6f9e6378d0646feb5db04eb12623aba,26/03/2020,MARCO,QUINTA-FEIRA,19,1
120851679,d8d08d7850134a1da0ca527e337b44b7,26/03/2020,MARCO,QUINTA-FEIRA,16,1
140262605,6849fe25a3224da4afc80248c6bcd5e9,22/12/2020,DEZEMBRO,TERCA-FEIRA,15,1
138765055,eb145e8aad9a41b8a8b62fe021302ad6,23/11/2020,NOVEMBRO,SEGUNDA-FEIRA,17,0
138223533,1dd87509471740cfa16008cfbf9af707,13/11/2020,NOVEMBRO,SEXTA-FEIRA,15,0
120603995,a8325b2a457148af8c5e3d9f6664b783,24/03/2020,MARCO,TERCA-FEIRA,15,0
134185287,d6d15f0a48b04683bd06c60526e9f0c1,25/09/2020,SETEMBRO,SEXTA-FEIRA,10,1
140563571,1878d75e918347f28762b1956aa70d65,29/12/2020,DEZEMBRO,TERCA-FEIRA,19,1
130884077,fd0df177c6a041f883ebd6ee31cb81e5,29/07/2020,JULHO,QUARTA-FEIRA,08,0
46853108,e29dad34c6254fc3a2639ff50e9db456,26/08/2020,AGOSTO,QUARTA-FEIRA,15,1
117164787,5187929d08a6478c8fccaf4eaeea9cce,05/02/2020,FEVEREIRO,QUARTA-FEIRA,17,0
136625521,73eaf2f4bab2436e9466d07571c68764,16/10/2020,OUTUBRO,SEXTA-FEIRA,14,1
41050966,29f0981acc12435f8d8b108e420b7591,11/02/2020,FEVEREIRO,TERCA-FEIRA,21,1
121145467,58b673cb07074f9e9fe710e6e0682d8b,30/03/2020,MARCO,SEGUNDA-FEIRA,14,0
125760997,9aa5025024934cf3abd809c6f812d48d,08/05/2020,MAIO,SEXTA-FEIRA,16,1
121075063,564e19b1b2464066b728f755c92dd673,30/03/2020,MARCO,SEGUNDA-FEIRA,09,0
137195069,1c4dfc62745b430e8e5584632d6ed959,27/10/2020,OUTUBRO,TERCA-FEIRA,10,0
48137584,0d660031c7844eec97bc8c99c071c50e,10/11/2020,NOVEMBRO,TERCA-FEIRA,16,1
128909029,9178c84edb114f91a595fd45c259f61c,26/06/2020,JUNHO,SEXTA-FEIRA,16,1
126564531,d5b0f1136bab47dda489d1eeaae9edf4,20/05/2020,MAIO,QUARTA-FEIRA,12,1
139320337,224b304199ed4c35b74e09a367e4a38c,03/12/2020,DEZEMBRO,QUINTA-FEIRA,15,1
129697567,bf4bff21864f48c6ae50a46e49992e93,08/07/2020,JULHO,QUARTA-FEIRA,11,0
139905505,a4e7ba4e37ab4b17b4c19605553d86cc,15/12/2020,DEZEMBRO,TERCA-FEIRA,15,1
139334055,58a89a0d1b554a6e81a7d7639797bcfe,03/12/2020,DEZEMBRO,QUINTA-FEIRA,17,0
42347178,efdbd5af90434276b90480399db5c8a9,08/04/2020,ABRIL,QUARTA-FEIRA,18,1
140238703,b32e03cb123d4d088c8c604e8725b953,22/12/2020,DEZEMBRO,TERCA-FEIRA,10,1
47583496,5b8c5b90778e47b18b2456e9869f887f,02/10/2020,OUTUBRO,SEXTA-FEIRA,16,1
44983370,572e26e41f8c4c38a882c7bf9c027ebf,22/05/2020,MAIO,SEXTA-FEIRA,18,1
138496551,5ac87b2021e44cd99b2c7cf3b6da4b3b,18/11/2020,NOVEMBRO,QUARTA-FEIRA,14,1
131715747,e43408e0cde14bb0a8fc10be69cb95d4,12/08/2020,AGOSTO,QUARTA-FEIRA,15,1
127974317,c67e143369ac422697907254d4377c10,12/06/2020,JUNHO,SEXTA-FEIRA,16,1
134402045,78ceb86e84eb4f08825f5a057bf8f3c3,30/09/2020,SETEMBRO,QUARTA-FEIRA,08,1
138872293,2dbc52a3f4d74ff7a14731b539674a1d,25/11/2020,NOVEMBRO,QUARTA-FEIRA,14,1
135044439,df0da1fd1fa54a40acb6648bbf3749a7,12/10/2020,OUTUBRO,SEGUNDA-FEIRA,09,1
128414103,dd63273b339f4d22aecadacfdce6348e,19/06/2020,JUNHO,SEXTA-FEIRA,18,1
138825393,d0da5674975f41bdbffafb4517e446d9,24/11/2020,NOVEMBRO,TERCA-FEIRA,17,0
138485341,6acbd140cb63435fb203607188a3b2f3,18/11/2020,NOVEMBRO,QUARTA-FEIRA,13,1
48472822,0416967d360143d6b092f6e122f1b98a,26/11/2020,NOVEMBRO,QUINTA-FEIRA,11,1
139026271,b9d8ea8021654c30a01f5bd266ac8eb0,27/11/2020,NOVEMBRO,SEXTA-FEIRA,16,1
126585717,5752221717994b2dada61786c6e4a372,20/05/2020,MAIO,QUARTA-FEIRA,14,0
124837415,0a90e59d7cf74348848e06daf52f4f47,29/04/2020,ABRIL,QUARTA-FEIRA,13,1
130015519,5c440e33b90b4705bb852da8e59844c5,13/07/2020,JULHO,SEGUNDA-FEIRA,17,1
130780495,c4abac3d07954e3ba8e0bed46a093311,27/07/2020,JULHO,SEGUNDA-FEIRA,14,1
47302026,1c4dfc62745b430e8e5584632d6ed959,17/09/2020,SETEMBRO,QUINTA-FEIRA,11,1
129632145,bc89f3433917445694cf64b29d8d90d6,07/07/2020,JULHO,TERCA-FEIRA,13,1
132166701,c8c6f83d84d3442cb13cff48938984f4,21/08/2020,AGOSTO,SEXTA-FEIRA,11,0
134566573,d6d15f0a48b04683bd06c60526e9f0c1,02/10/2020,OUTUBRO,SEXTA-FEIRA,10,0
120422329,270043c950d640df8904ddd376a8c3de,23/03/2020,MARCO,SEGUNDA-FEIRA,11,0
46731792,c829a5e0c23147c9854ccf3f2043d7ea,16/08/2020,AGOSTO,DOMINGO,16,1
134128997,e2482ae52bda453698d60da811b8a125,24/09/2020,SETEMBRO,QUINTA-FEIRA,15,1
120026613,6de2b616ee124331b828d516ee54164d,17/03/2020,MARCO,TERCA-FEIRA,16,1
138970503,6de2b616ee124331b828d516ee54164d,27/11/2020,NOVEMBRO,SEXTA-FEIRA,08,1
140157897,93d41d2c7e8a4f3b9a71cd9254b05f4f,20/12/2020,DEZEMBRO,DOMINGO,16,0
127311031,879f3cc7257748809e6782ed73176e17,01/06/2020,JUNHO,SEGUNDA-FEIRA,12,1
138462977,0ca60b75fc5a443b940cdead230077c9,18/11/2020,NOVEMBRO,QUARTA-FEIRA,09,1
41570204,5ce61132269e47c9a50a948a8bb503f7,13/03/2020,MARCO,SEXTA-FEIRA,13,1
131240021,c162de451248401b94dc17e4d5bdc0df,04/08/2020,AGOSTO,TERCA-FEIRA,09,0
132469333,730c63080e0e4473a8807c5d1363165b,27/08/2020,AGOSTO,QUINTA-FEIRA,10,1
134420195,4d87c231784044ec8cfa3289d72664cc,30/09/2020,SETEMBRO,QUARTA-FEIRA,10,0
120642185,9a02e3747f23406cb075c610bde7554e,24/03/2020,MARCO,TERCA-FEIRA,16,1
118246671,49699183fea34998bebab46ffcc23eae,18/02/2020,FEVEREIRO,TERCA-FEIRA,09,1
44674142,2afcdbd220c940388219220e35a436c7,12/05/2020,MAIO,TERCA-FEIRA,15,1
127353927,7d72d804e05f47de8b03356bb6da8380,01/06/2020,JUNHO,SEGUNDA-FEIRA,17,1
138494501,d04f76b9b5014464afd44cc3fb32be83,18/11/2020,NOVEMBRO,QUARTA-FEIRA,14,0
48057596,2af312c3495043c492c127c1d5ff89fe,05/11/2020,NOVEMBRO,QUINTA-FEIRA,09,1
122907979,39e44c0942824f99bfa6de1108598f79,13/04/2020,ABRIL,SEGUNDA-FEIRA,15,0
134693907,47024ee1460c489ba96d30515515ad65,05/10/2020,OUTUBRO,SEGUNDA-FEIRA,17,1
117404569,c01cf162fd6b4c008d0a3b53acd462c8,07/02/2020,FEVEREIRO,SEXTA-FEIRA,10,0
136764491,eb145e8aad9a41b8a8b62fe021302ad6,20/10/2020,OUTUBRO,TERCA-FEIRA,10,0
43284178,191148ff29c64629b1edf90bfb721256,14/04/2020,ABRIL,TERCA-FEIRA,15,1
122051041,bf4bff21864f48c6ae50a46e49992e93,07/04/2020,ABRIL,TERCA-FEIRA,11,0
130752131,4694534a1101482b927c45d08d44e4b0,27/07/2020,JULHO,SEGUNDA-FEIRA,11,1
44498756,f62d4c259e9e4cff887b4a851f4c1c58,05/05/2020,MAIO,TERCA-FEIRA,13,1
129352835,7ad2ca11c66146888d0f48b802903f80,02/07/2020,JULHO,QUINTA-FEIRA,14,1
140631621,f746244e419c4f84828ec7cc279c227f,30/12/2020,DEZEMBRO,QUARTA-FEIRA,17,1
121800455,3cd32d3443e8406e841f18701e6b1336,03/04/2020,ABRIL,SEXTA-FEIRA,17,0
136963677,a43c3b34758943a999d98c4095439c8d,22/10/2020,OUTUBRO,QUINTA-FEIRA,15,1
116311643,342f6adede604e2d87d640288455a86c,28/01/2020,JANEIRO,TERCA-FEIRA,16,0
119623985,d3ed306efb4e4bd583eca8fc686c7b63,10/03/2020,MARCO,TERCA-FEIRA,14,1
140061169,fa7944921d544ef78b2e51e7f2f84e7d,18/12/2020,DEZEMBRO,SEXTA-FEIRA,09,1
127343171,d3ba89973f5c4778bbdc6a8e408715d5,01/06/2020,JUNHO,SEGUNDA-FEIRA,15,0
137992333,070c23788c204562939d94acd76a0f59,10/11/2020,NOVEMBRO,TERCA-FEIRA,10,1
126587427,5752221717994b2dada61786c6e4a372,20/05/2020,MAIO,QUARTA-FEIRA,14,1
137829507,7ec5960bda2640dcb9cfc92447792972,06/11/2020,NOVEMBRO,SEXTA-FEIRA,15,0
128348789,9a02e3747f23406cb075c610bde7554e,19/06/2020,JUNHO,SEXTA-FEIRA,09,0
126809025,78ceb86e84eb4f08825f5a057bf8f3c3,22/05/2020,MAIO,SEXTA-FEIRA,19,1
133709011,c71ac7d64c174cd39053ffb7115e895d,18/09/2020,SETEMBRO,SEXTA-FEIRA,09,1
47398742,9b463849eb7443f0b40b71382673a34c,23/09/2020,SETEMBRO,QUARTA-FEIRA,21,1
139109747,9478b527135544589b7b1cd9baa3fa18,30/11/2020,NOVEMBRO,SEGUNDA-FEIRA,11,0
122051051,bf4bff21864f48c6ae50a46e49992e93,07/04/2020,ABRIL,TERCA-FEIRA,11,0
134284595,d6d15f0a48b04683bd06c60526e9f0c1,28/09/2020,SETEMBRO,SEGUNDA-FEIRA,12,0
48039366,934d2f7318554b59b9be832b7e8d42cc,03/11/2020,NOVEMBRO,TERCA-FEIRA,21,1
42148714,81e29e7d12ef45288419b8a3b25cb337,07/04/2020,ABRIL,TERCA-FEIRA,18,1
136756551,bc424f7062ca42df81c40bcc8205f48b,20/10/2020,OUTUBRO,TERCA-FEIRA,08,0
45653176,d543ecc6d8c94c3b98769687cbc6e1b5,19/06/2020,JUNHO,SEXTA-FEIRA,08,1
46747982,1dca6e04b5b143b9ae44d9c54c6b15bb,18/08/2020,AGOSTO,TERCA-FEIRA,10,1
134644915,d02b3f88a772486385642416b78714cc,03/10/2020,OUTUBRO,SABADO,10,0
139200855,629a8d7bdeb74f25a3a0ba842406b29b,02/12/2020,DEZEMBRO,QUARTA-FEIRA,10,0
139695101,2b001b44991a419ca4ae440b3778f662,11/12/2020,DEZEMBRO,SEXTA-FEIRA,10,0
134720685,bdd8825296b64b10834e4d011bb7e565,06/10/2020,OUTUBRO,TERCA-FEIRA,10,1
48791022,5ab4976fd0694663b84bef9f5a6f733c,23/12/2020,DEZEMBRO,QUARTA-FEIRA,00,1
48770024,a7cdd96c4cf24d4a8685eeed1785167b,21/12/2020,DEZEMBRO,SEGUNDA-FEIRA,12,1
139725323,a6f1d5285eb24ef6b9d3cf80b589aa8c,11/12/2020,DEZEMBRO,SEXTA-FEIRA,15,0
139970671,246051377487437e9fbab4db4de27f56,16/12/2020,DEZEMBRO,QUARTA-FEIRA,15,0
119498553,d3ed306efb4e4bd583eca8fc686c7b63,09/03/2020,MARCO,SEGUNDA-FEIRA,10,1
126167937,76e7529747ad4f03b60e2c1fb1ff6f59,15/05/2020,MAIO,SEXTA-FEIRA,07,0
133975825,d6d15f0a48b04683bd06c60526e9f0c1,22/09/2020,SETEMBRO,TERCA-FEIRA,10,1
44674014,90f974e257e049fba64be79d25b2bb41,12/05/2020,MAIO,TERCA-FEIRA,14,1
138233401,c6b1d8797c1a49c48ac459de9c41f90f,13/11/2020,NOVEMBRO,SEXTA-FEIRA,18,0
127169731,76e7529747ad4f03b60e2c1fb1ff6f59,29/05/2020,MAIO,SEXTA-FEIRA,07,0
129154335,4d87c231784044ec8cfa3289d72664cc,30/06/2020,JUNHO,TERCA-FEIRA,09,0
140081147,5c440e33b90b4705bb852da8e59844c5,18/12/2020,DEZEMBRO,SEXTA-FEIRA,12,1
140651439,17d932e6fbb1454b92c48bad8b148806,31/12/2020,DEZEMBRO,QUINTA-FEIRA,09,1
131814065,3c97e5fb8cc7445fa09cc0fa4231a320,14/08/2020,AGOSTO,SEXTA-FEIRA,11,1
43343108,aa4d264e622e44e2aac05119fe8d57ad,14/04/2020,ABRIL,TERCA-FEIRA,21,1
47725206,df0da1fd1fa54a40acb6648bbf3749a7,13/10/2020,OUTUBRO,TERCA-FEIRA,23,1
46511216,4694534a1101482b927c45d08d44e4b0,24/07/2020,JULHO,SEXTA-FEIRA,18,1
46818134,e4613043efdd4a36b3b8f6c125ddf393,24/08/2020,AGOSTO,SEGUNDA-FEIRA,11,1
139096041,84e4de8dda4f4909b0d7890554e6394b,30/11/2020,NOVEMBRO,SEGUNDA-FEIRA,10,0
131983655,f2b98872b97642568c5c3441dc4e73ef,18/08/2020,AGOSTO,TERCA-FEIRA,14,0
117328465,ff4fd642886f46469fc7b6c8ab745239,06/02/2020,FEVEREIRO,QUINTA-FEIRA,17,1
42029028,6fe1f9dd46054decbc6dfa84dfa5f5c8,02/04/2020,ABRIL,QUINTA-FEIRA,19,1
137099953,056d32ffaff0404abbf2d11981967360,25/10/2020,OUTUBRO,DOMINGO,00,0
138028605,fb7b32771cb34511b49ad593dfee016e,10/11/2020,NOVEMBRO,TERCA-FEIRA,16,0
140671461,6ed9b0c18ec644e884fc1bd88549e9f4,31/12/2020,DEZEMBRO,QUINTA-FEIRA,12,0
47520064,4af047e372a34fb4bdccd6b4eea23241,29/09/2020,SETEMBRO,TERCA-FEIRA,12,1
140175573,24c213a821eb434ca5854c3d942690ca,21/12/2020,DEZEMBRO,SEGUNDA-FEIRA,11,1
133452327,d6d15f0a48b04683bd06c60526e9f0c1,14/09/2020,SETEMBRO,SEGUNDA-FEIRA,08,1
125312569,48b585eeaaa74f49b4999153be898901,04/05/2020,MAIO,SEGUNDA-FEIRA,09,1
120332357,c7c2cb309edb4fc2816e75d1ccbbed2c,21/03/2020,MARCO,SABADO,13,0
131421133,c8c6f83d84d3442cb13cff48938984f4,06/08/2020,AGOSTO,QUINTA-FEIRA,15,1
138498061,3853af31e4c04c6889442c83ff443cd7,18/11/2020,NOVEMBRO,QUARTA-FEIRA,14,1
126490717,90f974e257e049fba64be79d25b2bb41,19/05/2020,MAIO,TERCA-FEIRA,15,1
126214583,939231f725a1408c9afec87aa7419f6f,15/05/2020,MAIO,SEXTA-FEIRA,11,1
136784367,525f589ca6b04b878773dc0355ce5232,20/10/2020,OUTUBRO,TERCA-FEIRA,13,1
126495947,b0665056a0884f1b888dddd75974544d,19/05/2020,MAIO,TERCA-FEIRA,15,1
134872141,445e0660dab14cedbed673f297c78177,08/10/2020,OUTUBRO,QUINTA-FEIRA,09,1
134292193,d6d15f0a48b04683bd06c60526e9f0c1,28/09/2020,SETEMBRO,SEGUNDA-FEIRA,13,1
48441332,c6b670ef27694c749ef162e974362d55,24/11/2020,NOVEMBRO,TERCA-FEIRA,07,1
48599710,5c2bac0bca184ecda0287d24fc854011,08/12/2020,DEZEMBRO,TERCA-FEIRA,10,1
47927610,30b73979f70541d6857e2f86872adfed,27/10/2020,OUTUBRO,TERCA-FEIRA,09,1
127687775,1645ee6b29c747ea973f891fecc560d4,06/06/2020,JUNHO,SABADO,18,1
128025967,76e7529747ad4f03b60e2c1fb1ff6f59,15/06/2020,JUNHO,SEGUNDA-FEIRA,08,0
119390577,0bbd6cca66e949779a709ec0bb186c67,05/03/2020,MARCO,QUINTA-FEIRA,21,0
139945575,49699183fea34998bebab46ffcc23eae,16/12/2020,DEZEMBRO,QUARTA-FEIRA,11,0
131605269,47024ee1460c489ba96d30515515ad65,11/08/2020,AGOSTO,TERCA-FEIRA,08,1
137985721,2376dda8ce3e443298abb841278b16b5,10/11/2020,NOVEMBRO,TERCA-FEIRA,08,0
138913669,1da9f1498eb142398fb1c316d3529065,26/11/2020,NOVEMBRO,QUINTA-FEIRA,10,0
118272073,d82845a7378844aa80dc5a1232c3d32c,18/02/2020,FEVEREIRO,TERCA-FEIRA,13,1
134093083,d33c6f99fffb4ec39c2f94c90db08781,24/09/2020,SETEMBRO,QUINTA-FEIRA,09,0
48079254,478f1d1946054e38a66fb3da38ef755e,06/11/2020,NOVEMBRO,SEXTA-FEIRA,13,1
41895414,fa7e253f3ce347cea79b1ea04bd297b4,30/03/2020,MARCO,SEGUNDA-FEIRA,09,1
133829537,78ceb86e84eb4f08825f5a057bf8f3c3,18/09/2020,SETEMBRO,SEXTA-FEIRA,15,0
139672353,e87d305b09c7405a8e5e121d820b693d,10/12/2020,DEZEMBRO,QUINTA-FEIRA,17,0
139638353,dda0ab0504594ce49a02b1dbfb406c12,10/12/2020,DEZEMBRO,QUINTA-FEIRA,12,0
129648389,5c440e33b90b4705bb852da8e59844c5,07/07/2020,JULHO,TERCA-FEIRA,15,0
47927092,87adca903e4143edb420f433427bd636,27/10/2020,OUTUBRO,TERCA-FEIRA,10,1
47993170,b8513529b8e14b81b4c72a65a43ee92e,31/10/2020,OUTUBRO,SABADO,12,1
132006165,ed8fec871fdd4c7187c242b559d60f21,18/08/2020,AGOSTO,TERCA-FEIRA,21,0
119188945,342f6adede604e2d87d640288455a86c,03/03/2020,MARCO,TERCA-FEIRA,12,0
125421247,0195f7c7163449feaea516679c05c7d8,05/05/2020,MAIO,TERCA-FEIRA,01,1
130523529,3435dafdbf794ba3be149ca97a07a160,22/07/2020,JULHO,QUARTA-FEIRA,11,1
48776694,4a9bc415623e4c379f9373719d13335a,21/12/2020,DEZEMBRO,SEGUNDA-FEIRA,17,1
135072963,87adca903e4143edb420f433427bd636,12/10/2020,OUTUBRO,SEGUNDA-FEIRA,14,1
45226030,6657241c0c5b4c48a049e86c34855bfc,03/06/2020,JUNHO,QUARTA-FEIRA,18,1
138132259,e2692edce91b4cd0b8df16c13b49b2c5,12/11/2020,NOVEMBRO,QUINTA-FEIRA,11,1
139287971,5a77c38aa384487dae0614b2019d8ed1,03/12/2020,DEZEMBRO,QUINTA-FEIRA,10,1
46510746,d8d08d7850134a1da0ca527e337b44b7,25/07/2020,JULHO,SABADO,12,1
137416953,1dd87509471740cfa16008cfbf9af707,30/10/2020,OUTUBRO,SEXTA-FEIRA,13,1
140180685,e29dad34c6254fc3a2639ff50e9db456,21/12/2020,DEZEMBRO,SEGUNDA-FEIRA,10,1
140209695,3a5a43ca869e4ae5be6ccd45b01b80fd,21/12/2020,DEZEMBRO,SEGUNDA-FEIRA,15,1
137967215,eab8fbcc286f4561aa6f74301c16572c,09/11/2020,NOVEMBRO,SEGUNDA-FEIRA,17,0
140029809,563ddd9909a7411dabd70b858ce00b5c,17/12/2020,DEZEMBRO,QUINTA-FEIRA,15,0
127663779,bf4bff21864f48c6ae50a46e49992e93,05/06/2020,JUNHO,SEXTA-FEIRA,17,0
47843652,94df02245f274e44971470a8554fe87d,21/10/2020,OUTUBRO,QUARTA-FEIRA,14,1
140435207,d4841ad18c1e4199be8b55d259cd3083,28/12/2020,DEZEMBRO,SEGUNDA-FEIRA,11,1
45084512,776871c9b81b4998aa63a04b0311977a,27/05/2020,MAIO,QUARTA-FEIRA,21,1
136662387,5b4349844f364243949803d18fe156ea,17/10/2020,OUTUBRO,SABADO,15,1
43384802,107c40186ad0458c974ea02e6681a665,16/04/2020,ABRIL,QUINTA-FEIRA,13,1
137667707,d8d08d7850134a1da0ca527e337b44b7,04/11/2020,NOVEMBRO,QUARTA-FEIRA,09,1
133538611,e29dad34c6254fc3a2639ff50e9db456,15/09/2020,SETEMBRO,TERCA-FEIRA,12,1
125433513,6657241c0c5b4c48a049e86c34855bfc,05/05/2020,MAIO,TERCA-FEIRA,09,0
133158687,f6b26c13052848deab0df6300cc768b4,08/09/2020,SETEMBRO,TERCA-FEIRA,14,0
129795319,5ce095386bc647a7b7c7734bb948ae79,09/07/2020,JULHO,QUINTA-FEIRA,10,1
139115243,64b2cf522c634d87ab3f317acb44caf1,30/11/2020,NOVEMBRO,SEGUNDA-FEIRA,12,1
137575241,3435dafdbf794ba3be149ca97a07a160,02/11/2020,NOVEMBRO,SEGUNDA-FEIRA,17,1
119565259,cd8b1e4377334ed198a37780f49fa2fe,09/03/2020,MARCO,SEGUNDA-FEIRA,21,0
45073116,270a3d5a6141454b9326e73e207cb870,27/05/2020,MAIO,QUARTA-FEIRA,14,1
123369781,e2db970a519741d7a8b6455dcfb93357,14/04/2020,ABRIL,TERCA-FEIRA,15,0
130180597,9aa5025024934cf3abd809c6f812d48d,16/07/2020,JULHO,QUINTA-FEIRA,10,1
117224059,be2f667e703045ce91883641e8c6c0fe,06/02/2020,FEVEREIRO,QUINTA-FEIRA,09,0
131928567,4061b079b0bf4866bb0ac2ad6d4f2913,17/08/2020,AGOSTO,SEGUNDA-FEIRA,14,1
139968225,63e774f46e3f40d1986a7c7c1235438d,16/12/2020,DEZEMBRO,QUARTA-FEIRA,15,0
136567293,a33736a206a04f0a945549b14909f118,15/10/2020,OUTUBRO,QUINTA-FEIRA,14,0
128034577,212b0363974e4b768655eb46e6183166,15/06/2020,JUNHO,SEGUNDA-FEIRA,09,1
45768082,dd63273b339f4d22aecadacfdce6348e,22/06/2020,JUNHO,SEGUNDA-FEIRA,16,1
47154922,d6d15f0a48b04683bd06c60526e9f0c1,09/09/2020,SETEMBRO,QUARTA-FEIRA,08,1
131550129,4694534a1101482b927c45d08d44e4b0,10/08/2020,AGOSTO,SEGUNDA-FEIRA,10,0
131713027,5c440e33b90b4705bb852da8e59844c5,12/08/2020,AGOSTO,QUARTA-FEIRA,15,0
125724975,87f01711fcff4c4cb39f862111d83189,08/05/2020,MAIO,SEXTA-FEIRA,11,0
121709831,256fbb9a30f74256ae6808e95a1b1501,03/04/2020,ABRIL,SEXTA-FEIRA,10,0
41078442,bf4bff21864f48c6ae50a46e49992e93,13/02/2020,FEVEREIRO,QUINTA-FEIRA,06,1
138326925,304acc1b8894498c82dd1092e7d86849,16/11/2020,NOVEMBRO,SEGUNDA-FEIRA,09,1
127306159,b41ceeb40da949169dce3e623c143f8f,01/06/2020,JUNHO,SEGUNDA-FEIRA,11,1
133540763,3435dafdbf794ba3be149ca97a07a160,15/09/2020,SETEMBRO,TERCA-FEIRA,12,1
47815868,5520da44689f44ee9f1de0f3e6f9f2b8,19/10/2020,OUTUBRO,SEGUNDA-FEIRA,19,1
140613223,79e70991cd904f3d96df2ded05815269,30/12/2020,DEZEMBRO,QUARTA-FEIRA,15,0
130370873,9aa5025024934cf3abd809c6f812d48d,20/07/2020,JULHO,SEGUNDA-FEIRA,11,1
136548479,15981485c0ea4780b8d28454f214b24d,15/10/2020,OUTUBRO,QUINTA-FEIRA,11,1
48688282,dbd00b85cde24d539ab72cd7ed2b45fc,15/12/2020,DEZEMBRO,TERCA-FEIRA,11,1
122204069,f3abb56d31e4442b8e12eabad9b79a89,08/04/2020,ABRIL,QUARTA-FEIRA,10,0
140566317,b71cee3f6fc74817afa9c53aca10c98a,29/12/2020,DEZEMBRO,TERCA-FEIRA,21,1
137405995,4fc83310c9cc44ef8e2bbdf850ff5187,30/10/2020,OUTUBRO,SEXTA-FEIRA,11,1
131041411,8d9e4b58cbc44c3dbaa88df95b945998,31/07/2020,JULHO,SEXTA-FEIRA,09,0
138879701,93fc184b08c14cdab917d1061d5090e1,25/11/2020,NOVEMBRO,QUARTA-FEIRA,15,0
126205433,64b2cf522c634d87ab3f317acb44caf1,15/05/2020,MAIO,SEXTA-FEIRA,11,0
133691813,bf4bff21864f48c6ae50a46e49992e93,17/09/2020,SETEMBRO,QUINTA-FEIRA,16,1
140592365,e56d9fb4c02446c9b4fbec20b825250e,30/12/2020,DEZEMBRO,QUARTA-FEIRA,11,1
47491240,df0da1fd1fa54a40acb6648bbf3749a7,25/09/2020,SETEMBRO,SEXTA-FEIRA,21,1
124273695,c162de451248401b94dc17e4d5bdc0df,26/04/2020,ABRIL,DOMINGO,06,0
126244883,90f974e257e049fba64be79d25b2bb41,15/05/2020,MAIO,SEXTA-FEIRA,14,1
134829005,c8c6f83d84d3442cb13cff48938984f4,07/10/2020,OUTUBRO,QUARTA-FEIRA,14,0
47046312,de077c13fd83467ab2ddb1267a9f99ef,02/09/2020,SETEMBRO,QUARTA-FEIRA,15,1
125972529,5752221717994b2dada61786c6e4a372,12/05/2020,MAIO,TERCA-FEIRA,10,1
138207023,9b2951d76cb349188e00385e6af7e672,13/11/2020,NOVEMBRO,SEXTA-FEIRA,13,0
137969491,de077c13fd83467ab2ddb1267a9f99ef,09/11/2020,NOVEMBRO,SEGUNDA-FEIRA,17,1
116252917,5abb7307f641435dacf0ebf1936d6667,28/01/2020,JANEIRO,TERCA-FEIRA,10,0
117748585,826e23c35be2453f91f4fcb2e718f3a0,10/02/2020,FEVEREIRO,SEGUNDA-FEIRA,18,0
135051527,c6afedd6a9ee4b6c95b140613c52d47c,12/10/2020,OUTUBRO,SEGUNDA-FEIRA,10,1
118756831,342f6adede604e2d87d640288455a86c,26/02/2020,FEVEREIRO,QUARTA-FEIRA,12,0
47372854,cd882ee169574da19346654480c43ea3,22/09/2020,SETEMBRO,TERCA-FEIRA,11,1
48793222,4a9de21b35a04c0f9c736afa32ce859a,23/12/2020,DEZEMBRO,QUARTA-FEIRA,07,1
134271891,d6d15f0a48b04683bd06c60526e9f0c1,28/09/2020,SETEMBRO,SEGUNDA-FEIRA,10,0
123443705,2c4d9dfaaec641cd98c3451931ad67e7,15/04/2020,ABRIL,QUARTA-FEIRA,10,0
130321757,76e7529747ad4f03b60e2c1fb1ff6f59,18/07/2020,JULHO,SABADO,15,0
116252353,38841307eb5f4102b0ac6902e0d35fda,28/01/2020,JANEIRO,TERCA-FEIRA,10,1
48457444,147404f40d084492a59e1967c644fa46,25/11/2020,NOVEMBRO,QUARTA-FEIRA,10,1
129513739,1ca382fb705349feac5a7004d95cc658,06/07/2020,JULHO,SEGUNDA-FEIRA,09,1
46443148,e2692edce91b4cd0b8df16c13b49b2c5,17/07/2020,JULHO,SEXTA-FEIRA,17,1
136932057,26707cdbc7834971bbd7489cfad78632,22/10/2020,OUTUBRO,QUINTA-FEIRA,09,1
46869346,40897170c9d547c583fbbf0492cc78df,27/08/2020,AGOSTO,QUINTA-FEIRA,15,1
129216591,78ceb86e84eb4f08825f5a057bf8f3c3,30/06/2020,JUNHO,TERCA-FEIRA,16,1
130919815,00b65a70bcf94365bd3b5629cc084327,29/07/2020,JULHO,QUARTA-FEIRA,14,1
139635543,35fda130b8e44ed0ad453322ef83cf15,10/12/2020,DEZEMBRO,QUINTA-FEIRA,12,1
140686259,67eb8d7841c043cfbc0895ea36b9fa17,31/12/2020,DEZEMBRO,QUINTA-FEIRA,15,0
48640902,304acc1b8894498c82dd1092e7d86849,12/12/2020,DEZEMBRO,SABADO,01,1
139659499,25f34b117e70431ab485dea79ebeafa2,10/12/2020,DEZEMBRO,QUINTA-FEIRA,15,1
137706281,23723b5ae2b04710a45930c4fcb6458b,04/11/2020,NOVEMBRO,QUARTA-FEIRA,16,0
125480873,7af144d5f2e64a598707726ebf853529,05/05/2020,MAIO,TERCA-FEIRA,14,0
46429136,41ee1f1959324992b9792c09ebbe5194,16/07/2020,JULHO,QUINTA-FEIRA,14,1
140267793,2db37f5e1ef9428ea7cd5862f99e6792,22/12/2020,DEZEMBRO,TERCA-FEIRA,15,0
128661893,776871c9b81b4998aa63a04b0311977a,24/06/2020,JUNHO,QUARTA-FEIRA,09,0
122299461,86bc0a74ac0847a9b66a15227a9a4a66,08/04/2020,ABRIL,QUARTA-FEIRA,16,1
128296537,9aa5025024934cf3abd809c6f812d48d,18/06/2020,JUNHO,QUINTA-FEIRA,14,1
132902345,b568bb096e4e41358931d0d33da25e08,03/09/2020,SETEMBRO,QUINTA-FEIRA,14,1
118169735,5a7c9eb3bc184df38c590ee1ed7bbf97,17/02/2020,FEVEREIRO,SEGUNDA-FEIRA,11,1
139138749,073d58b707704a8a8525bec1f65586ab,30/11/2020,NOVEMBRO,SEGUNDA-FEIRA,16,1
119291107,95b00d20994a4ca9ab776610edc52d78,04/03/2020,MARCO,QUARTA-FEIRA,14,0
118861361,c01cf162fd6b4c008d0a3b53acd462c8,27/02/2020,FEVEREIRO,QUINTA-FEIRA,14,0
46825054,191148ff29c64629b1edf90bfb721256,24/08/2020,AGOSTO,SEGUNDA-FEIRA,15,1
118441655,e66f98ecdbd848e7a4c00c90a15271ca,20/02/2020,FEVEREIRO,QUINTA-FEIRA,14,1
137741559,ca761e31c69b49e8a302a5db04ab9e1a,05/11/2020,NOVEMBRO,QUINTA-FEIRA,12,1
48530604,1da55d838b2944169f4f1e45683ccf53,02/12/2020,DEZEMBRO,QUARTA-FEIRA,09,1
132655547,c8c6f83d84d3442cb13cff48938984f4,31/08/2020,AGOSTO,SEGUNDA-FEIRA,10,0
138138017,8ff636bbba5d4cd8993ab2cc64e1a625,12/11/2020,NOVEMBRO,QUINTA-FEIRA,12,0
133615097,c3bd7f41bdae47e89c751fe771f927ec,16/09/2020,SETEMBRO,QUARTA-FEIRA,13,1
137405845,6afd321fa40b43e98de48320c58c2b6f,30/10/2020,OUTUBRO,SEXTA-FEIRA,11,0
120510495,270043c950d640df8904ddd376a8c3de,23/03/2020,MARCO,SEGUNDA-FEIRA,18,0
137824753,342f6adede604e2d87d640288455a86c,06/11/2020,NOVEMBRO,SEXTA-FEIRA,14,1
47393210,26707cdbc7834971bbd7489cfad78632,23/09/2020,SETEMBRO,QUARTA-FEIRA,14,1
125592795,259835bc193c46e9925fee22cbb7038a,06/05/2020,MAIO,QUARTA-FEIRA,16,0
137261469,30b73979f70541d6857e2f86872adfed,28/10/2020,OUTUBRO,QUARTA-FEIRA,12,0
48115624,6de2b616ee124331b828d516ee54164d,09/11/2020,NOVEMBRO,SEGUNDA-FEIRA,19,1
132152583,2af312c3495043c492c127c1d5ff89fe,21/08/2020,AGOSTO,SEXTA-FEIRA,09,1
139461959,4c0e6a7683c94791871bc1d406a3e164,07/12/2020,DEZEMBRO,SEGUNDA-FEIRA,10,1
125392403,bf4bff21864f48c6ae50a46e49992e93,04/05/2020,MAIO,SEGUNDA-FEIRA,15,1
124874321,d6d15f0a48b04683bd06c60526e9f0c1,30/04/2020,ABRIL,QUINTA-FEIRA,08,1
140268715,b32e03cb123d4d088c8c604e8725b953,22/12/2020,DEZEMBRO,TERCA-FEIRA,16,0
44726050,478f1d1946054e38a66fb3da38ef755e,14/05/2020,MAIO,QUINTA-FEIRA,15,1
140695965,00b65a70bcf94365bd3b5629cc084327,31/12/2020,DEZEMBRO,QUINTA-FEIRA,17,0
126035907,8f095357973f4033b46308c9213f9981,13/05/2020,MAIO,QUARTA-FEIRA,08,1
48371748,c4a2f69f8c2e40a29bca3d95ac3ba316,18/11/2020,NOVEMBRO,QUARTA-FEIRA,10,1
116993137,d02b3f88a772486385642416b78714cc,04/02/2020,FEVEREIRO,TERCA-FEIRA,17,1
123353897,24c213a821eb434ca5854c3d942690ca,14/04/2020,ABRIL,TERCA-FEIRA,15,0
137702347,070c23788c204562939d94acd76a0f59,04/11/2020,NOVEMBRO,QUARTA-FEIRA,15,1
123907401,b0665056a0884f1b888dddd75974544d,22/04/2020,ABRIL,QUARTA-FEIRA,08,1
123351971,e2db970a519741d7a8b6455dcfb93357,14/04/2020,ABRIL,TERCA-FEIRA,14,0
120778431,7d7e906ad73e482584ff85522841f694,26/03/2020,MARCO,QUINTA-FEIRA,10,0
134794557,500b9bf864ff46f99ec630543c7c0bb9,07/10/2020,OUTUBRO,QUARTA-FEIRA,09,0
138760953,baefc2dc2f9b4b4c849d66873b620242,23/11/2020,NOVEMBRO,SEGUNDA-FEIRA,17,0
129325615,1df32508f76d421289d3288b4fa1961e,02/07/2020,JULHO,QUINTA-FEIRA,10,0
126116373,3ce7e7e0adcd40d3a869259d87e19637,14/05/2020,MAIO,QUINTA-FEIRA,10,0
130083753,c451eee1eba24c5ea4d9b3c4f79cff9a,14/07/2020,JULHO,TERCA-FEIRA,16,1
137436931,750730082872454a8fbe6b74eac2f2c1,30/10/2020,OUTUBRO,SEXTA-FEIRA,15,1
128496035,24ea23283533434bb6055b1e9117dde4,22/06/2020,JUNHO,SEGUNDA-FEIRA,11,1
138609433,fdf4d2eebdce4edb86bfc106b1224254,20/11/2020,NOVEMBRO,SEXTA-FEIRA,10,1
119526233,ea112308d00446cd811c8ec5302d06fc,09/03/2020,MARCO,SEGUNDA-FEIRA,14,1
122088345,7af144d5f2e64a598707726ebf853529,07/04/2020,ABRIL,TERCA-FEIRA,14,0
123878497,24ea23283533434bb6055b1e9117dde4,21/04/2020,ABRIL,TERCA-FEIRA,15,1
136473349,2da042fe99d54ea782b613f727bd0337,14/10/2020,OUTUBRO,QUARTA-FEIRA,10,1
46860412,730c63080e0e4473a8807c5d1363165b,26/08/2020,AGOSTO,QUARTA-FEIRA,00,1
131326115,89b71b4edb90473aa754f87cfa112400,05/08/2020,AGOSTO,QUARTA-FEIRA,11,0
138126515,6acbd140cb63435fb203607188a3b2f3,12/11/2020,NOVEMBRO,QUINTA-FEIRA,10,1
134955403,cd8b1e4377334ed198a37780f49fa2fe,09/10/2020,OUTUBRO,SEXTA-FEIRA,11,0
41070868,73eaf2f4bab2436e9466d07571c68764,12/02/2020,FEVEREIRO,QUARTA-FEIRA,19,1
48143052,c4e39de3479642398364851216b113d5,11/11/2020,NOVEMBRO,QUARTA-FEIRA,11,1
128659407,776871c9b81b4998aa63a04b0311977a,24/06/2020,JUNHO,QUARTA-FEIRA,09,0
46627888,d3ed306efb4e4bd583eca8fc686c7b63,06/08/2020,AGOSTO,QUINTA-FEIRA,09,1
122341095,5a7c9eb3bc184df38c590ee1ed7bbf97,09/04/2020,ABRIL,QUINTA-FEIRA,08,0
48129322,1ee3667858dd4603b29d3a12234f7f8e,10/11/2020,NOVEMBRO,TERCA-FEIRA,12,1
128031811,76e7529747ad4f03b60e2c1fb1ff6f59,15/06/2020,JUNHO,SEGUNDA-FEIRA,09,0
140671381,5b6c66662c5b4686a25b485bb89e770d,31/12/2020,DEZEMBRO,QUINTA-FEIRA,12,1
140179573,37aa99081e3e428dbd01f9ca4ae9ea4d,21/12/2020,DEZEMBRO,SEGUNDA-FEIRA,10,0
134881563,45c1ea5de3c44ea7b76a4dd239f65803,08/10/2020,OUTUBRO,QUINTA-FEIRA,11,0
138139379,6de2b616ee124331b828d516ee54164d,12/11/2020,NOVEMBRO,QUINTA-FEIRA,12,0
137733949,6acbd140cb63435fb203607188a3b2f3,05/11/2020,NOVEMBRO,QUINTA-FEIRA,10,0
139567967,c67e143369ac422697907254d4377c10,09/12/2020,DEZEMBRO,QUARTA-FEIRA,11,1
136488355,2db37f5e1ef9428ea7cd5862f99e6792,14/10/2020,OUTUBRO,QUARTA-FEIRA,11,1
48357434,525f589ca6b04b878773dc0355ce5232,17/11/2020,NOVEMBRO,TERCA-FEIRA,14,1
139707223,8f0cc5993b464fdca4aded12b34e4768,11/12/2020,DEZEMBRO,SEXTA-FEIRA,12,1
48597018,31cc5cea53e44d809dcdb919c465b9f0,07/12/2020,DEZEMBRO,SEGUNDA-FEIRA,21,1
139058141,67eb8d7841c043cfbc0895ea36b9fa17,28/11/2020,NOVEMBRO,SABADO,16,0
48629078,c1617c154f4e49b4a779a70e5acb1ea9,10/12/2020,DEZEMBRO,QUINTA-FEIRA,22,1
44531520,7d72d804e05f47de8b03356bb6da8380,06/05/2020,MAIO,QUARTA-FEIRA,09,1
138646023,9f0830074a364851ad0d5af177560e03,20/11/2020,NOVEMBRO,SEXTA-FEIRA,15,1
47115138,1eb40053b1c342aab6e052c74aa98748,07/09/2020,SETEMBRO,SEGUNDA-FEIRA,09,1
134809231,15155fa725f048b3a4c6b3b10a7aa733,07/10/2020,OUTUBRO,QUARTA-FEIRA,11,1
48710558,49699183fea34998bebab46ffcc23eae,16/12/2020,DEZEMBRO,QUARTA-FEIRA,12,1
131770287,fbb3239246734a198492e61048bac1f5,13/08/2020,AGOSTO,QUINTA-FEIRA,15,0
139549821,c67e143369ac422697907254d4377c10,09/12/2020,DEZEMBRO,QUARTA-FEIRA,10,0
47447176,1c4dfc62745b430e8e5584632d6ed959,24/09/2020,SETEMBRO,QUINTA-FEIRA,19,1
48319390,8f0fbab01586455d8b885d95d3539b09,14/11/2020,NOVEMBRO,SABADO,22,1
138933821,3c97e5fb8cc7445fa09cc0fa4231a320,26/11/2020,NOVEMBRO,QUINTA-FEIRA,13,1
132102335,5ce61132269e47c9a50a948a8bb503f7,20/08/2020,AGOSTO,QUINTA-FEIRA,11,0
125368511,4af58c51a9874150922e795e04665cbf,04/05/2020,MAIO,SEGUNDA-FEIRA,13,0
139269415,ed91f9a6016e49f68dd99e38c41d8a71,02/12/2020,DEZEMBRO,QUARTA-FEIRA,20,1
138473503,044b66daadb84aaf837dc5f3799571a4,18/11/2020,NOVEMBRO,QUARTA-FEIRA,11,1
139014607,5e496a0bb2bd47aca8786bd44c32bbe5,27/11/2020,NOVEMBRO,SEXTA-FEIRA,16,0
43455156,4694534a1101482b927c45d08d44e4b0,20/04/2020,ABRIL,SEGUNDA-FEIRA,12,1
139228277,a3e45e7f3f514903b5cc3d790bdab7dd,02/12/2020,DEZEMBRO,QUARTA-FEIRA,13,0
136649977,87f01711fcff4c4cb39f862111d83189,16/10/2020,OUTUBRO,SEXTA-FEIRA,15,0
48469462,5ce095386bc647a7b7c7734bb948ae79,25/11/2020,NOVEMBRO,QUARTA-FEIRA,18,1
47816956,c162de451248401b94dc17e4d5bdc0df,20/10/2020,OUTUBRO,TERCA-FEIRA,06,1
130018141,5ce095386bc647a7b7c7734bb948ae79,13/07/2020,JULHO,SEGUNDA-FEIRA,18,1
133351315,47024ee1460c489ba96d30515515ad65,11/09/2020,SETEMBRO,SEXTA-FEIRA,10,1
124902777,1ca382fb705349feac5a7004d95cc658,30/04/2020,ABRIL,QUINTA-FEIRA,11,1
139968157,5b1d45f505e34afc9ff6bcaa9bfea0e0,16/12/2020,DEZEMBRO,QUARTA-FEIRA,15,0
48641338,3435dafdbf794ba3be149ca97a07a160,11/12/2020,DEZEMBRO,SEXTA-FEIRA,22,1
139693639,90d171e6e40e49fab2c8de1c89fb1ad1,11/12/2020,DEZEMBRO,SEXTA-FEIRA,10,0
48141514,0031e92d064a43c496d2e811441dafad,11/11/2020,NOVEMBRO,QUARTA-FEIRA,02,1
137631583,df03767e7051410690b128e8e32d98e6,03/11/2020,NOVEMBRO,TERCA-FEIRA,16,1
127807679,4d87c231784044ec8cfa3289d72664cc,09/06/2020,JUNHO,TERCA-FEIRA,09,1
118240763,24ea23283533434bb6055b1e9117dde4,18/02/2020,FEVEREIRO,TERCA-FEIRA,08,1
137597503,fa7e253f3ce347cea79b1ea04bd297b4,03/11/2020,NOVEMBRO,TERCA-FEIRA,11,1
42080678,0a5f1533de0248549fbaabc6d19c5e53,05/04/2020,ABRIL,DOMINGO,09,1
120600519,a8325b2a457148af8c5e3d9f6664b783,24/03/2020,MARCO,TERCA-FEIRA,15,0
117386245,342f6adede604e2d87d640288455a86c,07/02/2020,FEVEREIRO,SEXTA-FEIRA,10,0
47300230,880a9d15555d46789f63f3728e34ddda,17/09/2020,SETEMBRO,QUINTA-FEIRA,10,1
137698791,cd8b1e4377334ed198a37780f49fa2fe,04/11/2020,NOVEMBRO,QUARTA-FEIRA,15,1
48562718,d3ed306efb4e4bd583eca8fc686c7b63,04/12/2020,DEZEMBRO,SEXTA-FEIRA,08,1
45325050,256fbb9a30f74256ae6808e95a1b1501,09/06/2020,JUNHO,TERCA-FEIRA,12,1
137841073,0430eb403e0047cc99d21b1150a2b7c4,06/11/2020,NOVEMBRO,SEXTA-FEIRA,17,1
140268721,143f3accb3944cbdae5be112b13a90d4,22/12/2020,DEZEMBRO,TERCA-FEIRA,16,0
117671923,826e23c35be2453f91f4fcb2e718f3a0,10/02/2020,FEVEREIRO,SEGUNDA-FEIRA,11,0
129467535,c6afedd6a9ee4b6c95b140613c52d47c,04/07/2020,JULHO,SABADO,14,0
129734069,bf4bff21864f48c6ae50a46e49992e93,08/07/2020,JULHO,QUARTA-FEIRA,16,0
127366371,5201314d3f22452a83a61ac27e13c069,02/06/2020,JUNHO,TERCA-FEIRA,07,0
138907959,dfa3a6a8c8354d829bdf5056588713b3,26/11/2020,NOVEMBRO,QUINTA-FEIRA,09,1
48539328,50ad10220f9a48dea19aad2722a9a0bc,02/12/2020,DEZEMBRO,QUARTA-FEIRA,15,1
119761989,b568bb096e4e41358931d0d33da25e08,12/03/2020,MARCO,QUINTA-FEIRA,14,0
138056565,27bceafc66ba4d08ade3ccaa8e3c09b1,11/11/2020,NOVEMBRO,QUARTA-FEIRA,10,0
140115897,4a7becbbd1854746bd95b7a65a90426c,18/12/2020,DEZEMBRO,SEXTA-FEIRA,17,1
140002935,ba81996efe8949828bfedececce07e9e,17/12/2020,DEZEMBRO,QUINTA-FEIRA,10,1
133917037,d33c6f99fffb4ec39c2f94c90db08781,21/09/2020,SETEMBRO,SEGUNDA-FEIRA,11,0
47330082,78ceb86e84eb4f08825f5a057bf8f3c3,18/09/2020,SETEMBRO,SEXTA-FEIRA,16,1
47795920,81e29e7d12ef45288419b8a3b25cb337,18/10/2020,OUTUBRO,DOMINGO,17,1
48159214,750730082872454a8fbe6b74eac2f2c1,11/11/2020,NOVEMBRO,QUARTA-FEIRA,20,1
132781911,b8265749f3504295ae219c2451307721,01/09/2020,SETEMBRO,TERCA-FEIRA,18,1
139238311,6a60d5ced7e44b06bbca02d0abc4e764,02/12/2020,DEZEMBRO,QUARTA-FEIRA,14,0
139667791,6776b0af6fa4492fa1c93e8f48be6698,10/12/2020,DEZEMBRO,QUINTA-FEIRA,17,1
125455997,6657241c0c5b4c48a049e86c34855bfc,05/05/2020,MAIO,TERCA-FEIRA,11,1
139006097,3a78c487bea845b08dfbfe607c308367,27/11/2020,NOVEMBRO,SEXTA-FEIRA,14,1
133356569,533a81b2db14429ca059cef18b7bb56e,11/09/2020,SETEMBRO,SEXTA-FEIRA,10,1
125523129,d901171c667d469b8c675c8fe4b56f08,06/05/2020,MAIO,QUARTA-FEIRA,08,0
43359312,5752221717994b2dada61786c6e4a372,15/04/2020,ABRIL,QUARTA-FEIRA,14,1
47999198,63c3d77c5b874bffbb0a2ae0a8e1b5ae,01/11/2020,NOVEMBRO,DOMINGO,16,1
44601568,13b74bc9b8d0424493f30532ed46c520,08/05/2020,MAIO,SEXTA-FEIRA,14,1
45619454,342f6adede604e2d87d640288455a86c,18/06/2020,JUNHO,QUINTA-FEIRA,12,1
132131765,5520da44689f44ee9f1de0f3e6f9f2b8,20/08/2020,AGOSTO,QUINTA-FEIRA,16,0
46440730,5ce095386bc647a7b7c7734bb948ae79,17/07/2020,JULHO,SEXTA-FEIRA,15,1
48635756,6cc9207bb02448e2b3cce1c80ee6bfeb,11/12/2020,DEZEMBRO,SEXTA-FEIRA,12,1
132194123,5c440e33b90b4705bb852da8e59844c5,21/08/2020,AGOSTO,SEXTA-FEIRA,16,1
136881783,4694534a1101482b927c45d08d44e4b0,21/10/2020,OUTUBRO,QUARTA-FEIRA,14,1
48617408,cd5b18397b6b42188f4c22590c0feaae,09/12/2020,DEZEMBRO,QUARTA-FEIRA,19,1
45789260,c4a2f69f8c2e40a29bca3d95ac3ba316,22/06/2020,JUNHO,SEGUNDA-FEIRA,21,1
131484795,5ab4976fd0694663b84bef9f5a6f733c,07/08/2020,AGOSTO,SEXTA-FEIRA,15,0
48340504,750730082872454a8fbe6b74eac2f2c1,16/11/2020,NOVEMBRO,SEGUNDA-FEIRA,14,1
133516965,d02b3f88a772486385642416b78714cc,15/09/2020,SETEMBRO,TERCA-FEIRA,08,0
134789157,d6d15f0a48b04683bd06c60526e9f0c1,07/10/2020,OUTUBRO,QUARTA-FEIRA,08,1
127615513,66cc244542c646959f048fff5a286f49,05/06/2020,JUNHO,SEXTA-FEIRA,10,1
46537084,abbafced7cde4634ade4de593e527f3e,28/07/2020,JULHO,TERCA-FEIRA,20,1
46573846,4b5c39e428154dfa8b95417c6cd5e7c4,31/07/2020,JULHO,SEXTA-FEIRA,14,1
48742088,df0da1fd1fa54a40acb6648bbf3749a7,18/12/2020,DEZEMBRO,SEXTA-FEIRA,09,1
123809177,50e3db816fc94dfbb7d53ab0bf431dee,20/04/2020,ABRIL,SEGUNDA-FEIRA,17,0
132705131,f3d5ceb1e8bf4088bd24d1c37a2bc257,31/08/2020,AGOSTO,SEGUNDA-FEIRA,18,0
44806590,270a3d5a6141454b9326e73e207cb870,18/05/2020,MAIO,SEGUNDA-FEIRA,15,1
138028975,6fe1f9dd46054decbc6dfa84dfa5f5c8,10/11/2020,NOVEMBRO,TERCA-FEIRA,16,1
138820149,812535cc13334a4dba1f92655cd752f4,24/11/2020,NOVEMBRO,TERCA-FEIRA,16,1
124919961,525f589ca6b04b878773dc0355ce5232,30/04/2020,ABRIL,QUINTA-FEIRA,13,1
140092845,b016d6ec5d7948c0a2425f29509acdc7,18/12/2020,DEZEMBRO,SEXTA-FEIRA,14,1
48643326,df03767e7051410690b128e8e32d98e6,12/12/2020,DEZEMBRO,SABADO,12,1
48382696,3435dafdbf794ba3be149ca97a07a160,18/11/2020,NOVEMBRO,QUARTA-FEIRA,22,1
140171427,019d690a96604a049ed58eea48a732a1,21/12/2020,DEZEMBRO,SEGUNDA-FEIRA,10,0
48732352,ca761e31c69b49e8a302a5db04ab9e1a,17/12/2020,DEZEMBRO,QUINTA-FEIRA,15,1
47550490,4d87c231784044ec8cfa3289d72664cc,01/10/2020,OUTUBRO,QUINTA-FEIRA,10,1
120326513,0aa9e4852ad14d0384b7cde5d6dcdb6d,21/03/2020,MARCO,SABADO,11,0
134830855,d6d15f0a48b04683bd06c60526e9f0c1,07/10/2020,OUTUBRO,QUARTA-FEIRA,14,0
134774825,3a78c487bea845b08dfbfe607c308367,06/10/2020,OUTUBRO,TERCA-FEIRA,18,0
47660440,d6d15f0a48b04683bd06c60526e9f0c1,08/10/2020,OUTUBRO,QUINTA-FEIRA,18,1
48738544,0721c3a573b8414d9b0518b7660d7de2,17/12/2020,DEZEMBRO,QUINTA-FEIRA,19,1
120635827,1ca382fb705349feac5a7004d95cc658,24/03/2020,MARCO,TERCA-FEIRA,19,0
124848439,6657241c0c5b4c48a049e86c34855bfc,29/04/2020,ABRIL,QUARTA-FEIRA,15,1
136719245,3853af31e4c04c6889442c83ff443cd7,19/10/2020,OUTUBRO,SEGUNDA-FEIRA,13,1
126042389,259835bc193c46e9925fee22cbb7038a,13/05/2020,MAIO,QUARTA-FEIRA,09,0
48380336,4694534a1101482b927c45d08d44e4b0,18/11/2020,NOVEMBRO,QUARTA-FEIRA,16,1
48007294,bc89f3433917445694cf64b29d8d90d6,02/11/2020,NOVEMBRO,SEGUNDA-FEIRA,11,1
48124816,8f0fbab01586455d8b885d95d3539b09,10/11/2020,NOVEMBRO,TERCA-FEIRA,10,1
128659401,b06ce81740ee447e971f5a10e0cdec96,24/06/2020,JUNHO,QUARTA-FEIRA,09,0
42048712,b0665056a0884f1b888dddd75974544d,03/04/2020,ABRIL,SEXTA-FEIRA,14,1
140322403,bf48a499f69f4e7ebde26d4920a3c623,23/12/2020,DEZEMBRO,QUARTA-FEIRA,15,0
137348915,d3ba89973f5c4778bbdc6a8e408715d5,29/10/2020,OUTUBRO,QUINTA-FEIRA,14,1
127920363,71815fb3e8cf4cb5ae1348afdf9151f0,12/06/2020,JUNHO,SEXTA-FEIRA,09,0
124721015,0688dba18bbc4e9ab8cbf2c92703659b,28/04/2020,ABRIL,TERCA-FEIRA,11,0
48474418,0688dba18bbc4e9ab8cbf2c92703659b,26/11/2020,NOVEMBRO,QUINTA-FEIRA,10,1
44738768,026a5ff6d8294209bdaa77ae7635ae8b,15/05/2020,MAIO,SEXTA-FEIRA,10,1
120009321,478f1d1946054e38a66fb3da38ef755e,17/03/2020,MARCO,TERCA-FEIRA,14,0
41399940,342f6adede604e2d87d640288455a86c,03/03/2020,MARCO,TERCA-FEIRA,18,1
138553753,74220ba448e94246a9a3d82d83b8a250,19/11/2020,NOVEMBRO,QUINTA-FEIRA,12,1
125748403,2f3aa6f07bc74c2886139fea52c6b3d3,08/05/2020,MAIO,SEXTA-FEIRA,13,0
116277627,448a97f2ccb644cd87f3e7b4f818d347,28/01/2020,JANEIRO,TERCA-FEIRA,12,1
139893585,86bc0a74ac0847a9b66a15227a9a4a66,15/12/2020,DEZEMBRO,TERCA-FEIRA,14,1
123366969,d498da926d36460a9ff22c6ffc51d15e,14/04/2020,ABRIL,TERCA-FEIRA,15,0
47967808,342f6adede604e2d87d640288455a86c,29/10/2020,OUTUBRO,QUINTA-FEIRA,13,1
120386421,5545de7562fd4c6596b727eb9a8fd26f,23/03/2020,MARCO,SEGUNDA-FEIRA,09,0
46578572,24ea23283533434bb6055b1e9117dde4,01/08/2020,AGOSTO,SABADO,10,1
125286735,67eb8d7841c043cfbc0895ea36b9fa17,03/05/2020,MAIO,DOMINGO,10,0
139239003,4e565ad9e71147cea5095d559cf6220e,02/12/2020,DEZEMBRO,QUARTA-FEIRA,14,0
48506142,e82e922fff884644b082249aeb56557b,29/11/2020,NOVEMBRO,DOMINGO,16,1
136855107,2ec7908584594cacb76a0372aa11f8a7,21/10/2020,OUTUBRO,QUARTA-FEIRA,10,0
123411163,5dc41925bc48492baae549f174c2dd9b,14/04/2020,ABRIL,TERCA-FEIRA,18,1
127537053,270a3d5a6141454b9326e73e207cb870,04/06/2020,JUNHO,QUINTA-FEIRA,10,1
46744526,4694534a1101482b927c45d08d44e4b0,17/08/2020,AGOSTO,SEGUNDA-FEIRA,18,1
132418425,d81ddf53119b43649329e08a4b4f93bc,26/08/2020,AGOSTO,QUARTA-FEIRA,13,1
140246861,59fc44b7a1f6493fbb957d92edc3a7f9,22/12/2020,DEZEMBRO,TERCA-FEIRA,11,0
128295329,aece8b84c55a466c8ce1dcc30747291c,18/06/2020,JUNHO,QUINTA-FEIRA,15,1
126397407,c8c6f83d84d3442cb13cff48938984f4,18/05/2020,MAIO,SEGUNDA-FEIRA,15,0
138660095,baefc2dc2f9b4b4c849d66873b620242,20/11/2020,NOVEMBRO,SEXTA-FEIRA,18,0
130828313,40897170c9d547c583fbbf0492cc78df,28/07/2020,JULHO,TERCA-FEIRA,11,0
121973911,86bc0a74ac0847a9b66a15227a9a4a66,06/04/2020,ABRIL,SEGUNDA-FEIRA,15,0
138080533,b1378dde6b6f4e26ae7b18de87aa692a,11/11/2020,NOVEMBRO,QUARTA-FEIRA,14,0
139636985,5c2d686d79474843bb41b51d4da5c7f5,10/12/2020,DEZEMBRO,QUINTA-FEIRA,12,1
138478693,ea0306572df94a3eb2e0b2631287021a,18/11/2020,NOVEMBRO,QUARTA-FEIRA,12,1
126161781,e87d305b09c7405a8e5e121d820b693d,14/05/2020,MAIO,QUINTA-FEIRA,19,1
117070559,a4849b1984294b6c99b11aba3157d3aa,05/02/2020,FEVEREIRO,QUARTA-FEIRA,11,1
120959587,58b673cb07074f9e9fe710e6e0682d8b,27/03/2020,MARCO,SEXTA-FEIRA,15,1
139383133,c1f6cb6af1f044318cea69e551be320b,04/12/2020,DEZEMBRO,SEXTA-FEIRA,14,1
48486974,065f4b25aac64ce1a8ddece29f0affa2,27/11/2020,NOVEMBRO,SEXTA-FEIRA,11,1
121552363,4af58c51a9874150922e795e04665cbf,02/04/2020,ABRIL,QUINTA-FEIRA,09,0
129837155,5ce095386bc647a7b7c7734bb948ae79,09/07/2020,JULHO,QUINTA-FEIRA,17,0
129885755,8f095357973f4033b46308c9213f9981,10/07/2020,JULHO,SEXTA-FEIRA,13,1
116750229,f04b82907d58474dac86d748087fbd95,03/02/2020,FEVEREIRO,SEGUNDA-FEIRA,09,1
130830157,6074e293fcb74a91ad0ed6a61262fce4,28/07/2020,JULHO,TERCA-FEIRA,11,0
119376767,cd8b1e4377334ed198a37780f49fa2fe,05/03/2020,MARCO,QUINTA-FEIRA,16,0
139545503,c67e143369ac422697907254d4377c10,09/12/2020,DEZEMBRO,QUARTA-FEIRA,09,1
137964713,9b4d4a1ebd974f7eb5434c3e899bb537,09/11/2020,NOVEMBRO,SEGUNDA-FEIRA,16,1
133470103,6ed9b0c18ec644e884fc1bd88549e9f4,14/09/2020,SETEMBRO,SEGUNDA-FEIRA,11,0
137825845,e29dad34c6254fc3a2639ff50e9db456,06/11/2020,NOVEMBRO,SEXTA-FEIRA,15,1
138335249,be2f667e703045ce91883641e8c6c0fe,16/11/2020,NOVEMBRO,SEGUNDA-FEIRA,11,1
48054582,46a92f94b83242289667046f452e44d3,04/11/2020,NOVEMBRO,QUARTA-FEIRA,22,1
126118039,76e7529747ad4f03b60e2c1fb1ff6f59,14/05/2020,MAIO,QUINTA-FEIRA,11,0
122406007,6fe1f9dd46054decbc6dfa84dfa5f5c8,09/04/2020,ABRIL,QUINTA-FEIRA,13,0
47989688,86bc0a74ac0847a9b66a15227a9a4a66,30/10/2020,OUTUBRO,SEXTA-FEIRA,17,1
134490893,d6d15f0a48b04683bd06c60526e9f0c1,01/10/2020,OUTUBRO,QUINTA-FEIRA,10,0
48768690,51b3c0eaf5e84677bb608a0a634c3291,21/12/2020,DEZEMBRO,SEGUNDA-FEIRA,11,1
134382261,065f4b25aac64ce1a8ddece29f0affa2,29/09/2020,SETEMBRO,TERCA-FEIRA,16,1
40963188,1fc2057fc26043e6870d4e791d87ed09,10/02/2020,FEVEREIRO,SEGUNDA-FEIRA,10,1
140196985,107c40186ad0458c974ea02e6681a665,21/12/2020,DEZEMBRO,SEGUNDA-FEIRA,14,1
138738909,070b9c0cc22d45e8aaf0790d05049999,23/11/2020,NOVEMBRO,SEGUNDA-FEIRA,13,1
137744659,1e38b0d5026f4d7d8d4440ef95271e68,05/11/2020,NOVEMBRO,QUINTA-FEIRA,11,1
135075647,79690d016a5640259dd36d197b3f76a2,12/10/2020,OUTUBRO,SEGUNDA-FEIRA,15,1
132367579,852c6ea0ecaa431baf7584c5eab24bfd,25/08/2020,AGOSTO,TERCA-FEIRA,17,1
139844889,e41746c59dc04595a65f5249a3e1a50c,14/12/2020,DEZEMBRO,SEGUNDA-FEIRA,16,1
138007779,eab8fbcc286f4561aa6f74301c16572c,10/11/2020,NOVEMBRO,TERCA-FEIRA,12,0
138883197,11f042407bd64f7db849e85d56352ab3,25/11/2020,NOVEMBRO,QUARTA-FEIRA,16,1
129736755,6c4e77603cc248569d5a10c2c5ef9a28,08/07/2020,JULHO,QUARTA-FEIRA,16,1
136933883,e83447ac68264e9bb0b4c16f2b25c571,22/10/2020,OUTUBRO,QUINTA-FEIRA,10,0
46401886,e82e922fff884644b082249aeb56557b,14/07/2020,JULHO,TERCA-FEIRA,12,1
45447172,5ef6ca961e354e52898331effdb98fc6,14/06/2020,JUNHO,DOMINGO,12,1
140233595,19f203c704c7449c98e154a3e6cced5c,22/12/2020,DEZEMBRO,TERCA-FEIRA,09,1
48754680,f020611dd5234853859ae78912fd8c76,19/12/2020,DEZEMBRO,SABADO,10,1
129530997,1c4dfc62745b430e8e5584632d6ed959,06/07/2020,JULHO,SEGUNDA-FEIRA,11,0
137175233,750730082872454a8fbe6b74eac2f2c1,26/10/2020,OUTUBRO,SEGUNDA-FEIRA,17,1
138342721,8f095357973f4033b46308c9213f9981,16/11/2020,NOVEMBRO,SEGUNDA-FEIRA,12,0
134120443,4359386f4c3f475daf517828b2204a7d,24/09/2020,SETEMBRO,QUINTA-FEIRA,14,0
140616059,c7aaaa96059c457690d888a79fdbcb3c,30/12/2020,DEZEMBRO,QUARTA-FEIRA,15,0
131863807,e43408e0cde14bb0a8fc10be69cb95d4,15/08/2020,AGOSTO,SABADO,13,0
48840302,eab8fbcc286f4561aa6f74301c16572c,29/12/2020,DEZEMBRO,TERCA-FEIRA,12,1
124699941,c162de451248401b94dc17e4d5bdc0df,28/04/2020,ABRIL,TERCA-FEIRA,08,0
137946225,1c8141b92c2d477e9d006f22d6e62a2c,09/11/2020,NOVEMBRO,SEGUNDA-FEIRA,13,0
127071179,78ceb86e84eb4f08825f5a057bf8f3c3,27/05/2020,MAIO,QUARTA-FEIRA,16,1
47766736,81e29e7d12ef45288419b8a3b25cb337,15/10/2020,OUTUBRO,QUINTA-FEIRA,23,1
137385787,d8e8d6d11315455299baa6c3a5b0da64,30/10/2020,OUTUBRO,SEXTA-FEIRA,08,0
140673541,6ed9b0c18ec644e884fc1bd88549e9f4,31/12/2020,DEZEMBRO,QUINTA-FEIRA,12,1
137253835,77bfe1db161c4ae0925e9f2d815bab38,28/10/2020,OUTUBRO,QUARTA-FEIRA,10,1
41244588,c1ba7e770c554204ba48b8fef5d817b9,24/02/2020,FEVEREIRO,SEGUNDA-FEIRA,11,1
138012197,8b5fc62b3b9f4ec4a81b5bee67eb9ddb,10/11/2020,NOVEMBRO,TERCA-FEIRA,13,0
47644350,2376dda8ce3e443298abb841278b16b5,07/10/2020,OUTUBRO,QUARTA-FEIRA,22,1
140024781,ea112308d00446cd811c8ec5302d06fc,17/12/2020,DEZEMBRO,QUINTA-FEIRA,14,1
138076785,6bd2d4e88c374e2198e23674573dbecd,11/11/2020,NOVEMBRO,QUARTA-FEIRA,14,1
119317769,6bd2d4e88c374e2198e23674573dbecd,04/03/2020,MARCO,QUARTA-FEIRA,18,1
129320539,47024ee1460c489ba96d30515515ad65,02/07/2020,JULHO,QUINTA-FEIRA,09,1
46235176,ff4fd642886f46469fc7b6c8ab745239,08/07/2020,JULHO,QUARTA-FEIRA,16,1
140298957,f5de1222ba4d4afd896d3a45f825fc8d,23/12/2020,DEZEMBRO,QUARTA-FEIRA,11,1
132323123,d543ecc6d8c94c3b98769687cbc6e1b5,25/08/2020,AGOSTO,TERCA-FEIRA,09,1
138791095,f04f7ff1e9914cc6870ce48c129248bc,24/11/2020,NOVEMBRO,TERCA-FEIRA,11,0
138199915,c71daab876ce49f2872a95a2facdfc36,13/11/2020,NOVEMBRO,SEXTA-FEIRA,12,1
139458829,7f04f0b9d40b47edb46f675e4dd1a263,07/12/2020,DEZEMBRO,SEGUNDA-FEIRA,10,1
45041960,d8d08d7850134a1da0ca527e337b44b7,26/05/2020,MAIO,TERCA-FEIRA,10,1
137551563,500b9bf864ff46f99ec630543c7c0bb9,02/11/2020,NOVEMBRO,SEGUNDA-FEIRA,14,1
41660118,4694534a1101482b927c45d08d44e4b0,19/03/2020,MARCO,QUINTA-FEIRA,13,1
45071984,ff08e42ff9e84014a1c7abd1486d7ac8,27/05/2020,MAIO,QUARTA-FEIRA,12,1
139860159,342f6adede604e2d87d640288455a86c,14/12/2020,DEZEMBRO,SEGUNDA-FEIRA,20,1
133598885,098903d9d01744d68b08297d97a424ad,16/09/2020,SETEMBRO,QUARTA-FEIRA,11,0
133214003,aa414af793d143e799b672a39065edd0,09/09/2020,SETEMBRO,QUARTA-FEIRA,11,1
48688974,86bc0a74ac0847a9b66a15227a9a4a66,15/12/2020,DEZEMBRO,TERCA-FEIRA,13,1
139735521,9f8774aa4b974868a27dc51d4e037f22,11/12/2020,DEZEMBRO,SEXTA-FEIRA,16,1
132353835,baf66d4adaf6409fa4f4fdcb289688aa,25/08/2020,AGOSTO,TERCA-FEIRA,14,1
47649384,4d87c231784044ec8cfa3289d72664cc,08/10/2020,OUTUBRO,QUINTA-FEIRA,09,1
46867474,b608617d1ac44c3884165e99c0781d9f,27/08/2020,AGOSTO,QUINTA-FEIRA,14,1
130952521,67eb8d7841c043cfbc0895ea36b9fa17,30/07/2020,JULHO,QUINTA-FEIRA,06,0
47652248,d6d15f0a48b04683bd06c60526e9f0c1,08/10/2020,OUTUBRO,QUINTA-FEIRA,12,1
48136348,d269df3af9904d4f926d3be27a4b102f,10/11/2020,NOVEMBRO,TERCA-FEIRA,18,1
48096940,4d87c231784044ec8cfa3289d72664cc,08/11/2020,NOVEMBRO,DOMINGO,11,1
121090815,11cf9cc7299a43798e1e88c360295ad3,30/03/2020,MARCO,SEGUNDA-FEIRA,09,1
138645809,6acbd140cb63435fb203607188a3b2f3,20/11/2020,NOVEMBRO,SEXTA-FEIRA,15,0
139500431,4d87c231784044ec8cfa3289d72664cc,07/12/2020,DEZEMBRO,SEGUNDA-FEIRA,16,0
126089857,b6442741752444f29d01b3ed12371807,13/05/2020,MAIO,QUARTA-FEIRA,17,0
140489049,ed91f9a6016e49f68dd99e38c41d8a71,28/12/2020,DEZEMBRO,SEGUNDA-FEIRA,21,1
133324193,15155fa725f048b3a4c6b3b10a7aa733,10/09/2020,SETEMBRO,QUINTA-FEIRA,17,1
137029011,342f6adede604e2d87d640288455a86c,23/10/2020,OUTUBRO,SEXTA-FEIRA,13,1
134795539,47024ee1460c489ba96d30515515ad65,07/10/2020,OUTUBRO,QUARTA-FEIRA,09,1
48503724,628dc9fe22f24c17a1c1dfe5fb202f4f,28/11/2020,NOVEMBRO,SABADO,21,1
41021902,478f1d1946054e38a66fb3da38ef755e,10/02/2020,FEVEREIRO,SEGUNDA-FEIRA,22,1
138822407,cbcfae6b562c489e92aae7b9ac59353a,24/11/2020,NOVEMBRO,TERCA-FEIRA,17,1
137765071,cd8b1e4377334ed198a37780f49fa2fe,05/11/2020,NOVEMBRO,QUINTA-FEIRA,15,0
137760199,d8e8d6d11315455299baa6c3a5b0da64,05/11/2020,NOVEMBRO,QUINTA-FEIRA,14,0
139812439,270043c950d640df8904ddd376a8c3de,14/12/2020,DEZEMBRO,SEGUNDA-FEIRA,11,1
139394701,342f6adede604e2d87d640288455a86c,04/12/2020,DEZEMBRO,SEXTA-FEIRA,16,1
133547383,b0665056a0884f1b888dddd75974544d,15/09/2020,SETEMBRO,TERCA-FEIRA,13,1
134055967,3a78c487bea845b08dfbfe607c308367,23/09/2020,SETEMBRO,QUARTA-FEIRA,13,1
48546962,cbd0de7642dc45e097dab50065eba502,03/12/2020,DEZEMBRO,QUINTA-FEIRA,08,1
132580217,d543ecc6d8c94c3b98769687cbc6e1b5,28/08/2020,AGOSTO,SEXTA-FEIRA,15,1
120577671,9a02e3747f23406cb075c610bde7554e,24/03/2020,MARCO,TERCA-FEIRA,13,0
139012469,3d614904cd1541d79e80b00f525e80b3,27/11/2020,NOVEMBRO,SEXTA-FEIRA,14,1
131946445,0bbd6cca66e949779a709ec0bb186c67,17/08/2020,AGOSTO,SEGUNDA-FEIRA,21,1
134083665,3d614904cd1541d79e80b00f525e80b3,24/09/2020,SETEMBRO,QUINTA-FEIRA,08,1
127180515,bf4bff21864f48c6ae50a46e49992e93,29/05/2020,MAIO,SEXTA-FEIRA,09,0
119705631,056d32ffaff0404abbf2d11981967360,11/03/2020,MARCO,QUARTA-FEIRA,17,1
137746501,e5d6920da503405aa449881676c58716,05/11/2020,NOVEMBRO,QUINTA-FEIRA,12,1
118001881,cd8b1e4377334ed198a37780f49fa2fe,13/02/2020,FEVEREIRO,QUINTA-FEIRA,14,0
119055683,15981485c0ea4780b8d28454f214b24d,02/03/2020,MARCO,SEGUNDA-FEIRA,09,1
138336317,25bf7557861f40f69d801b12a58ee28c,16/11/2020,NOVEMBRO,SEGUNDA-FEIRA,11,0
119805815,2e68a6f3d7f142188c55abcd6af298c1,13/03/2020,MARCO,SEXTA-FEIRA,10,1
128046513,447ff5d5f8c242869c9878332932215c,15/06/2020,JUNHO,SEGUNDA-FEIRA,10,1
42931202,59fc44b7a1f6493fbb957d92edc3a7f9,13/04/2020,ABRIL,SEGUNDA-FEIRA,13,1
137854993,6de2b616ee124331b828d516ee54164d,07/11/2020,NOVEMBRO,SABADO,08,1
120594251,cd8b1e4377334ed198a37780f49fa2fe,24/03/2020,MARCO,TERCA-FEIRA,14,0
46027266,ef457f20b5174af0b6516d9ac36ba2ee,28/06/2020,JUNHO,DOMINGO,21,1
45082894,776871c9b81b4998aa63a04b0311977a,27/05/2020,MAIO,QUARTA-FEIRA,21,1
44829302,776871c9b81b4998aa63a04b0311977a,19/05/2020,MAIO,TERCA-FEIRA,09,1
41203570,d191d59c0d2048c3a2a9c667afd08344,20/02/2020,FEVEREIRO,QUINTA-FEIRA,16,1
44473416,6657241c0c5b4c48a049e86c34855bfc,04/05/2020,MAIO,SEGUNDA-FEIRA,17,1
139185951,49699183fea34998bebab46ffcc23eae,01/12/2020,DEZEMBRO,TERCA-FEIRA,21,0
48671410,e4256fee3243494d953ae06902e823b4,14/12/2020,DEZEMBRO,SEGUNDA-FEIRA,21,1
120853767,3987276fa51f4807b4fff471c9068377,26/03/2020,MARCO,QUINTA-FEIRA,17,0
127108063,6c4e77603cc248569d5a10c2c5ef9a28,28/05/2020,MAIO,QUINTA-FEIRA,10,1
140307329,224b304199ed4c35b74e09a367e4a38c,23/12/2020,DEZEMBRO,QUARTA-FEIRA,12,1
47738294,2db37f5e1ef9428ea7cd5862f99e6792,14/10/2020,OUTUBRO,QUARTA-FEIRA,15,1
138009987,6fe1f9dd46054decbc6dfa84dfa5f5c8,10/11/2020,NOVEMBRO,TERCA-FEIRA,13,0
119348179,c377eca363c245a080bb219f56d31f4b,05/03/2020,MARCO,QUINTA-FEIRA,11,1
125697963,4af58c51a9874150922e795e04665cbf,08/05/2020,MAIO,SEXTA-FEIRA,08,0
139868707,e982f0f463944209960332d10e10618e,15/12/2020,DEZEMBRO,TERCA-FEIRA,09,1
116450043,c4a2f69f8c2e40a29bca3d95ac3ba316,30/01/2020,JANEIRO,QUINTA-FEIRA,09,0
131810373,b0665056a0884f1b888dddd75974544d,14/08/2020,AGOSTO,SEXTA-FEIRA,11,1
123522919,76e7529747ad4f03b60e2c1fb1ff6f59,16/04/2020,ABRIL,QUINTA-FEIRA,08,0
124791135,304acc1b8894498c82dd1092e7d86849,29/04/2020,ABRIL,QUARTA-FEIRA,09,0
138756351,8b5fc62b3b9f4ec4a81b5bee67eb9ddb,23/11/2020,NOVEMBRO,SEGUNDA-FEIRA,16,0
48460360,e29dad34c6254fc3a2639ff50e9db456,25/11/2020,NOVEMBRO,QUARTA-FEIRA,13,1
140686831,2e7f495fef6544a192d5d1bb96c3a778,31/12/2020,DEZEMBRO,QUINTA-FEIRA,16,1
129471091,ad02d20c1cf640b0b37e8c748bb338c1,04/07/2020,JULHO,SABADO,16,0
47812638,6cbeb3bcfc3d43949cfab9c159e46815,19/10/2020,OUTUBRO,SEGUNDA-FEIRA,17,1
137746773,ce4b57d989544c38bdd8ec08aa01fe6c,05/11/2020,NOVEMBRO,QUINTA-FEIRA,12,0
46629800,d3ed306efb4e4bd583eca8fc686c7b63,06/08/2020,AGOSTO,QUINTA-FEIRA,12,1
119803807,270043c950d640df8904ddd376a8c3de,13/03/2020,MARCO,SEXTA-FEIRA,09,1
140220035,843c905e328740c19257562791a56538,21/12/2020,DEZEMBRO,SEGUNDA-FEIRA,18,0
127084095,5dc4626baf9a467f95d9579c98d63524,27/05/2020,MAIO,QUARTA-FEIRA,21,0
42493180,aa4d264e622e44e2aac05119fe8d57ad,10/04/2020,ABRIL,SEXTA-FEIRA,13,1
129525381,35fda130b8e44ed0ad453322ef83cf15,06/07/2020,JULHO,SEGUNDA-FEIRA,10,1
128498909,270a3d5a6141454b9326e73e207cb870,22/06/2020,JUNHO,SEGUNDA-FEIRA,11,0
47914058,abbafced7cde4634ade4de593e527f3e,26/10/2020,OUTUBRO,SEGUNDA-FEIRA,12,1
127946705,6c4e77603cc248569d5a10c2c5ef9a28,12/06/2020,JUNHO,SEXTA-FEIRA,12,1
47892704,4694534a1101482b927c45d08d44e4b0,23/10/2020,OUTUBRO,SEXTA-FEIRA,20,1
46467760,d191d59c0d2048c3a2a9c667afd08344,21/07/2020,JULHO,TERCA-FEIRA,11,1
120798617,2ded7fb0f23f4908b937518240fdacbd,26/03/2020,MARCO,QUINTA-FEIRA,11,0
136733487,525f589ca6b04b878773dc0355ce5232,19/10/2020,OUTUBRO,SEGUNDA-FEIRA,15,1
48136744,224b304199ed4c35b74e09a367e4a38c,10/11/2020,NOVEMBRO,TERCA-FEIRA,20,1
116311833,342f6adede604e2d87d640288455a86c,28/01/2020,JANEIRO,TERCA-FEIRA,16,0
138056455,a34292e443474c678501176be35bcac7,11/11/2020,NOVEMBRO,QUARTA-FEIRA,10,0
129662593,6c4e77603cc248569d5a10c2c5ef9a28,07/07/2020,JULHO,TERCA-FEIRA,20,0
119219669,342f6adede604e2d87d640288455a86c,03/03/2020,MARCO,TERCA-FEIRA,16,1
134883243,7f6e4953056043dc8b03890944b4cd43,08/10/2020,OUTUBRO,QUINTA-FEIRA,11,1
139655517,23723b5ae2b04710a45930c4fcb6458b,10/12/2020,DEZEMBRO,QUINTA-FEIRA,15,1
134318675,b608617d1ac44c3884165e99c0781d9f,28/09/2020,SETEMBRO,SEGUNDA-FEIRA,17,1
46627264,9a02e3747f23406cb075c610bde7554e,05/08/2020,AGOSTO,QUARTA-FEIRA,22,1
126937473,bf4bff21864f48c6ae50a46e49992e93,26/05/2020,MAIO,TERCA-FEIRA,08,1
125807129,6ab685b93fb14179a03fc05bcf3a78c2,09/05/2020,MAIO,SABADO,18,0
140629525,2f822bab71f8498092b6ba0a4245a722,30/12/2020,DEZEMBRO,QUARTA-FEIRA,17,1
140614895,11b63b235b93464fafeef3dac8a7cdad,30/12/2020,DEZEMBRO,QUARTA-FEIRA,15,1
122884389,f3d5ceb1e8bf4088bd24d1c37a2bc257,13/04/2020,ABRIL,SEGUNDA-FEIRA,14,0
138722365,564e19b1b2464066b728f755c92dd673,23/11/2020,NOVEMBRO,SEGUNDA-FEIRA,10,1
130980951,d6d15f0a48b04683bd06c60526e9f0c1,30/07/2020,JULHO,QUINTA-FEIRA,11,1
134039739,2ae532f9b03944229f9eeaf61f0a89c9,23/09/2020,SETEMBRO,QUARTA-FEIRA,10,1
138823261,9f0830074a364851ad0d5af177560e03,24/11/2020,NOVEMBRO,TERCA-FEIRA,18,0
47053468,d6d15f0a48b04683bd06c60526e9f0c1,02/09/2020,SETEMBRO,QUARTA-FEIRA,19,1
116280657,1fc2057fc26043e6870d4e791d87ed09,28/01/2020,JANEIRO,TERCA-FEIRA,12,0
46334546,c451eee1eba24c5ea4d9b3c4f79cff9a,10/07/2020,JULHO,SEXTA-FEIRA,10,1
118940537,5752221717994b2dada61786c6e4a372,28/02/2020,FEVEREIRO,SEXTA-FEIRA,12,1
48148540,a744927db2e64e81924d5405aad0f7dc,11/11/2020,NOVEMBRO,QUARTA-FEIRA,15,1
122325541,5a7c9eb3bc184df38c590ee1ed7bbf97,08/04/2020,ABRIL,QUARTA-FEIRA,18,0
119841427,39e44c0942824f99bfa6de1108598f79,13/03/2020,MARCO,SEXTA-FEIRA,16,1
118449371,8f095357973f4033b46308c9213f9981,20/02/2020,FEVEREIRO,QUINTA-FEIRA,14,1
46899226,73eaf2f4bab2436e9466d07571c68764,28/08/2020,AGOSTO,SEXTA-FEIRA,14,1
47292566,f1ff7655b6db4a31be26ada8ef443055,16/09/2020,SETEMBRO,QUARTA-FEIRA,18,1
137693597,cd8b1e4377334ed198a37780f49fa2fe,04/11/2020,NOVEMBRO,QUARTA-FEIRA,15,0
126038561,d8d08d7850134a1da0ca527e337b44b7,13/05/2020,MAIO,QUARTA-FEIRA,08,1
138098929,1d89ca6e42db42afa4957c6cc2a39b34,11/11/2020,NOVEMBRO,QUARTA-FEIRA,17,1
137734181,6acbd140cb63435fb203607188a3b2f3,05/11/2020,NOVEMBRO,QUINTA-FEIRA,10,0
47329124,1cbe711dfeda4a2ab27eac8787922c31,18/09/2020,SETEMBRO,SEXTA-FEIRA,20,1
136603965,3a78c487bea845b08dfbfe607c308367,16/10/2020,OUTUBRO,SEXTA-FEIRA,10,1
126561221,5752221717994b2dada61786c6e4a372,20/05/2020,MAIO,QUARTA-FEIRA,11,0
136692389,87adca903e4143edb420f433427bd636,19/10/2020,OUTUBRO,SEGUNDA-FEIRA,09,0
46586958,1c4dfc62745b430e8e5584632d6ed959,03/08/2020,AGOSTO,SEGUNDA-FEIRA,11,1
47788844,b031e00ca6454509b2197223836db49d,17/10/2020,OUTUBRO,SABADO,14,1
131604933,54adf6b114ae46f9a08e060756e26ed5,11/08/2020,AGOSTO,TERCA-FEIRA,08,0
117693189,bf4bff21864f48c6ae50a46e49992e93,10/02/2020,FEVEREIRO,SEGUNDA-FEIRA,13,0
47275510,d6d15f0a48b04683bd06c60526e9f0c1,15/09/2020,SETEMBRO,TERCA-FEIRA,23,1
137803471,d543ecc6d8c94c3b98769687cbc6e1b5,06/11/2020,NOVEMBRO,SEXTA-FEIRA,11,1
124922905,c8c6f83d84d3442cb13cff48938984f4,30/04/2020,ABRIL,QUINTA-FEIRA,14,0
139568711,939231f725a1408c9afec87aa7419f6f,09/12/2020,DEZEMBRO,QUARTA-FEIRA,12,1
126658109,6dc20e1bcf1843eb92265a760c0f1cfd,21/05/2020,MAIO,QUINTA-FEIRA,11,0
131163627,b608617d1ac44c3884165e99c0781d9f,03/08/2020,AGOSTO,SEGUNDA-FEIRA,10,0
44726058,c1dd4897029f4d689d8bf29190c87169,14/05/2020,MAIO,QUINTA-FEIRA,15,1
138036245,6bfea741ef7e44399d0fc0caa22f4f42,10/11/2020,NOVEMBRO,TERCA-FEIRA,18,1
48029196,224b304199ed4c35b74e09a367e4a38c,03/11/2020,NOVEMBRO,TERCA-FEIRA,12,1
138432259,64559c0734c241c096f0a95396d5b559,17/11/2020,NOVEMBRO,TERCA-FEIRA,16,1
46669902,41ee1f1959324992b9792c09ebbe5194,11/08/2020,AGOSTO,TERCA-FEIRA,09,1
138226977,9a02e3747f23406cb075c610bde7554e,13/11/2020,NOVEMBRO,SEXTA-FEIRA,16,1
48710560,49699183fea34998bebab46ffcc23eae,16/12/2020,DEZEMBRO,QUARTA-FEIRA,12,1
138567551,60c6a2e995684174ba6cc82f5898dcfc,19/11/2020,NOVEMBRO,QUINTA-FEIRA,15,1
132608489,67eb8d7841c043cfbc0895ea36b9fa17,29/08/2020,AGOSTO,SABADO,12,0
140302869,a54cc9d35a0c48d7b0bdf61061c3c9de,23/12/2020,DEZEMBRO,QUARTA-FEIRA,11,1
119999657,cdb1d5e1f5834755bb09216666aa77e6,17/03/2020,MARCO,TERCA-FEIRA,12,0
134496453,d6d15f0a48b04683bd06c60526e9f0c1,01/10/2020,OUTUBRO,QUINTA-FEIRA,10,0
47962264,50c93567854d4a70b1dba545dc825ba6,29/10/2020,OUTUBRO,QUINTA-FEIRA,09,1
122394563,c01cf162fd6b4c008d0a3b53acd462c8,09/04/2020,ABRIL,QUINTA-FEIRA,12,0
48129962,ab2708662e344342bb85610f173ef578,10/11/2020,NOVEMBRO,TERCA-FEIRA,13,1
123817133,a34292e443474c678501176be35bcac7,20/04/2020,ABRIL,SEGUNDA-FEIRA,18,0
132635987,5ce61132269e47c9a50a948a8bb503f7,30/08/2020,AGOSTO,DOMINGO,16,0
139918275,776871c9b81b4998aa63a04b0311977a,15/12/2020,DEZEMBRO,TERCA-FEIRA,18,1
127273975,a07271e3398841689f7a696f9f0d521a,31/05/2020,MAIO,DOMINGO,19,0
137874971,b031e00ca6454509b2197223836db49d,07/11/2020,NOVEMBRO,SABADO,17,1
48454542,eb145e8aad9a41b8a8b62fe021302ad6,25/11/2020,NOVEMBRO,QUARTA-FEIRA,02,1
138712503,78ceb86e84eb4f08825f5a057bf8f3c3,23/11/2020,NOVEMBRO,SEGUNDA-FEIRA,09,1
128767413,23723b5ae2b04710a45930c4fcb6458b,25/06/2020,JUNHO,QUINTA-FEIRA,10,1
140294229,ff4fd642886f46469fc7b6c8ab745239,23/12/2020,DEZEMBRO,QUARTA-FEIRA,10,1
136492349,9e6132b59807445f93836150d6c89b55,14/10/2020,OUTUBRO,QUARTA-FEIRA,12,1
48074892,1e38b0d5026f4d7d8d4440ef95271e68,06/11/2020,NOVEMBRO,SEXTA-FEIRA,10,1
139225767,4e565ad9e71147cea5095d559cf6220e,02/12/2020,DEZEMBRO,QUARTA-FEIRA,13,1
127257585,3a5a43ca869e4ae5be6ccd45b01b80fd,30/05/2020,MAIO,SABADO,20,0
48418030,fa7e253f3ce347cea79b1ea04bd297b4,21/11/2020,NOVEMBRO,SABADO,15,1
137775377,13b74bc9b8d0424493f30532ed46c520,05/11/2020,NOVEMBRO,QUINTA-FEIRA,17,1
41550660,730c63080e0e4473a8807c5d1363165b,12/03/2020,MARCO,QUINTA-FEIRA,12,1
125918273,17d932e6fbb1454b92c48bad8b148806,11/05/2020,MAIO,SEGUNDA-FEIRA,13,0
140204027,eab8fbcc286f4561aa6f74301c16572c,21/12/2020,DEZEMBRO,SEGUNDA-FEIRA,15,0
45105208,270a3d5a6141454b9326e73e207cb870,28/05/2020,MAIO,QUINTA-FEIRA,17,1
119345327,342f6adede604e2d87d640288455a86c,05/03/2020,MARCO,QUINTA-FEIRA,10,1
131872409,67eb8d7841c043cfbc0895ea36b9fa17,16/08/2020,AGOSTO,DOMINGO,08,0
123762065,0c21f7112e314724a022d754bc673612,20/04/2020,ABRIL,SEGUNDA-FEIRA,11,1
137178837,f17793b51e3c4d86ae1b9387599f219c,26/10/2020,OUTUBRO,SEGUNDA-FEIRA,18,1
48107090,30b73979f70541d6857e2f86872adfed,09/11/2020,NOVEMBRO,SEGUNDA-FEIRA,14,1
122436845,572e26e41f8c4c38a882c7bf9c027ebf,09/04/2020,ABRIL,QUINTA-FEIRA,16,0
48565524,2dc95bdbfca44f30841fbaf8164ec946,04/12/2020,DEZEMBRO,SEXTA-FEIRA,09,1
47789954,c829a5e0c23147c9854ccf3f2043d7ea,18/10/2020,OUTUBRO,DOMINGO,01,1
48030078,d3ba89973f5c4778bbdc6a8e408715d5,03/11/2020,NOVEMBRO,TERCA-FEIRA,12,1
127473605,0a5b114c9a06480f8b4b9336196f25c4,03/06/2020,JUNHO,QUARTA-FEIRA,11,0
133563365,40897170c9d547c583fbbf0492cc78df,15/09/2020,SETEMBRO,TERCA-FEIRA,16,1
121639375,97db47e74caf4571832fc27d36fa6d48,02/04/2020,ABRIL,QUINTA-FEIRA,14,0
48387354,fa7e253f3ce347cea79b1ea04bd297b4,19/11/2020,NOVEMBRO,QUINTA-FEIRA,08,1
128086931,5752221717994b2dada61786c6e4a372,15/06/2020,JUNHO,SEGUNDA-FEIRA,16,1
125628939,7d72d804e05f47de8b03356bb6da8380,07/05/2020,MAIO,QUINTA-FEIRA,10,1
139074891,38841307eb5f4102b0ac6902e0d35fda,29/11/2020,NOVEMBRO,DOMINGO,14,0
46770102,86bc0a74ac0847a9b66a15227a9a4a66,19/08/2020,AGOSTO,QUARTA-FEIRA,23,1
139481135,a68a36476237455a99d3d9a8a9c09b4d,07/12/2020,DEZEMBRO,SEGUNDA-FEIRA,14,0
43397296,b06ce81740ee447e971f5a10e0cdec96,16/04/2020,ABRIL,QUINTA-FEIRA,20,1
139669131,59fc44b7a1f6493fbb957d92edc3a7f9,10/12/2020,DEZEMBRO,QUINTA-FEIRA,17,1
126814047,a54cc9d35a0c48d7b0bdf61061c3c9de,23/05/2020,MAIO,SABADO,08,0
118701733,17d932e6fbb1454b92c48bad8b148806,25/02/2020,FEVEREIRO,TERCA-FEIRA,11,0
138797989,90d171e6e40e49fab2c8de1c89fb1ad1,24/11/2020,NOVEMBRO,TERCA-FEIRA,12,0
134112915,3d614904cd1541d79e80b00f525e80b3,24/09/2020,SETEMBRO,QUINTA-FEIRA,13,0
119919823,24ea23283533434bb6055b1e9117dde4,16/03/2020,MARCO,SEGUNDA-FEIRA,11,1
48053482,ac7934d5faf9468f95facff5de48b67c,04/11/2020,NOVEMBRO,QUARTA-FEIRA,17,1
47610916,b41ceeb40da949169dce3e623c143f8f,06/10/2020,OUTUBRO,TERCA-FEIRA,11,1
138760047,8b5fc62b3b9f4ec4a81b5bee67eb9ddb,23/11/2020,NOVEMBRO,SEGUNDA-FEIRA,16,1
137620265,c4abac3d07954e3ba8e0bed46a093311,03/11/2020,NOVEMBRO,TERCA-FEIRA,14,0
123787197,7ad2ca11c66146888d0f48b802903f80,20/04/2020,ABRIL,SEGUNDA-FEIRA,14,0
123834787,799e277429ef4581bc4ffbdfda587835,21/04/2020,ABRIL,TERCA-FEIRA,09,1
134561525,df0da1fd1fa54a40acb6648bbf3749a7,02/10/2020,OUTUBRO,SEXTA-FEIRA,09,1
136488321,cca14380c5d945039b2621a28c105713,14/10/2020,OUTUBRO,QUARTA-FEIRA,12,0
137835131,7ec2efdd4fe74f55830bbadf68fc3bff,06/11/2020,NOVEMBRO,SEXTA-FEIRA,16,1
48559920,478f1d1946054e38a66fb3da38ef755e,03/12/2020,DEZEMBRO,QUINTA-FEIRA,19,1
47012506,30bf9710234b48c795dbb42469c05fa9,01/09/2020,SETEMBRO,TERCA-FEIRA,09,1
116168575,0a90e59d7cf74348848e06daf52f4f47,27/01/2020,JANEIRO,SEGUNDA-FEIRA,13,0
130794243,270a3d5a6141454b9326e73e207cb870,27/07/2020,JULHO,SEGUNDA-FEIRA,16,1
130363653,9aa5025024934cf3abd809c6f812d48d,20/07/2020,JULHO,SEGUNDA-FEIRA,11,0
48576304,b568bb096e4e41358931d0d33da25e08,04/12/2020,DEZEMBRO,SEXTA-FEIRA,21,1
140586837,6df82c91d297469a834a0b4cff107e6f,30/12/2020,DEZEMBRO,QUARTA-FEIRA,11,0
131131847,cd8b1e4377334ed198a37780f49fa2fe,02/08/2020,AGOSTO,DOMINGO,14,0
48351188,6fe1f9dd46054decbc6dfa84dfa5f5c8,16/11/2020,NOVEMBRO,SEGUNDA-FEIRA,21,1
130430767,be2f667e703045ce91883641e8c6c0fe,21/07/2020,JULHO,TERCA-FEIRA,08,1
138871213,62e125d4c5904cec86e4f816ece8df61,25/11/2020,NOVEMBRO,QUARTA-FEIRA,14,1
116407945,15155fa725f048b3a4c6b3b10a7aa733,29/01/2020,JANEIRO,QUARTA-FEIRA,15,0
140073569,0db8638379a34d5e9b046b9963f81d4f,18/12/2020,DEZEMBRO,SEXTA-FEIRA,12,0
138210615,29b7f4689f8642a79584d07ca2c30038,13/11/2020,NOVEMBRO,SEXTA-FEIRA,13,1
139852459,270043c950d640df8904ddd376a8c3de,14/12/2020,DEZEMBRO,SEGUNDA-FEIRA,17,1
129611023,256fbb9a30f74256ae6808e95a1b1501,07/07/2020,JULHO,TERCA-FEIRA,10,0
137944371,48b585eeaaa74f49b4999153be898901,09/11/2020,NOVEMBRO,SEGUNDA-FEIRA,13,1
126219253,b41ceeb40da949169dce3e623c143f8f,15/05/2020,MAIO,SEXTA-FEIRA,11,1
126531041,60ed128f63d741e69ac55060fc5e95a2,20/05/2020,MAIO,QUARTA-FEIRA,09,1
48023172,226f632dd8754fc6b99594cc6b1fcb0a,02/11/2020,NOVEMBRO,SEGUNDA-FEIRA,22,1
45171050,b41ceeb40da949169dce3e623c143f8f,01/06/2020,JUNHO,SEGUNDA-FEIRA,17,1
47556258,d3ba89973f5c4778bbdc6a8e408715d5,01/10/2020,OUTUBRO,QUINTA-FEIRA,12,1
136517175,50c93567854d4a70b1dba545dc825ba6,14/10/2020,OUTUBRO,QUARTA-FEIRA,17,1
48787354,40897170c9d547c583fbbf0492cc78df,22/12/2020,DEZEMBRO,TERCA-FEIRA,15,1
41533826,3cb62558262745918722a58ff3bee0d6,11/03/2020,MARCO,QUARTA-FEIRA,17,1
127196213,52c1e102fc954ab9ade8b9c55fbb175b,29/05/2020,MAIO,SEXTA-FEIRA,11,0
140206015,56daf308a56a40f598c9a8f98342e0c8,21/12/2020,DEZEMBRO,SEGUNDA-FEIRA,14,1
137215121,9a02e3747f23406cb075c610bde7554e,27/10/2020,OUTUBRO,TERCA-FEIRA,14,0
139439523,304acc1b8894498c82dd1092e7d86849,06/12/2020,DEZEMBRO,DOMINGO,12,0
121670073,78ceb86e84eb4f08825f5a057bf8f3c3,02/04/2020,ABRIL,QUINTA-FEIRA,18,0
48076566,dbceb089294a43239e99f45df0a5982f,06/11/2020,NOVEMBRO,SEXTA-FEIRA,13,1
132990019,3a78c487bea845b08dfbfe607c308367,04/09/2020,SETEMBRO,SEXTA-FEIRA,18,0
130715545,a54cc9d35a0c48d7b0bdf61061c3c9de,26/07/2020,JULHO,DOMINGO,13,1
139285235,5c2d686d79474843bb41b51d4da5c7f5,03/12/2020,DEZEMBRO,QUINTA-FEIRA,10,0
140623053,5b367308e98048428169ac8b94edebeb,30/12/2020,DEZEMBRO,QUARTA-FEIRA,16,1
118011035,f86a15d3c46b4ac19aa3654bb51f55fe,13/02/2020,FEVEREIRO,QUINTA-FEIRA,16,1
140443715,840e18df9c114d73a87dfc92f503df35,28/12/2020,DEZEMBRO,SEGUNDA-FEIRA,12,0
119538523,86a93179129a49e194a73ffc696710b9,09/03/2020,MARCO,SEGUNDA-FEIRA,16,0
47821218,5520da44689f44ee9f1de0f3e6f9f2b8,20/10/2020,OUTUBRO,TERCA-FEIRA,11,1
48466764,646644bb258e4d2384684ae5ffeee7f0,25/11/2020,NOVEMBRO,QUARTA-FEIRA,17,1
120653639,95b00d20994a4ca9ab776610edc52d78,25/03/2020,MARCO,QUARTA-FEIRA,10,0
129235773,76e7529747ad4f03b60e2c1fb1ff6f59,01/07/2020,JULHO,QUARTA-FEIRA,03,0
139010405,a147ab2e1c77418fb391ae84b2d5b401,27/11/2020,NOVEMBRO,SEXTA-FEIRA,14,1
133271011,7443a9ce923f4ad894106deb9a856065,10/09/2020,SETEMBRO,QUINTA-FEIRA,09,0
131896329,23723b5ae2b04710a45930c4fcb6458b,17/08/2020,AGOSTO,SEGUNDA-FEIRA,09,0
41570728,6de2b616ee124331b828d516ee54164d,13/03/2020,MARCO,SEXTA-FEIRA,14,1
123842159,e5d293bd8d2e49459ad1eada07d029e4,21/04/2020,ABRIL,TERCA-FEIRA,10,0
132468907,f04b82907d58474dac86d748087fbd95,27/08/2020,AGOSTO,QUINTA-FEIRA,10,1
138336867,6168487489254a88b67b42ca992bca3c,16/11/2020,NOVEMBRO,SEGUNDA-FEIRA,11,1
47601056,c09699189dd048089fd2816055d2c0e7,05/10/2020,OUTUBRO,SEGUNDA-FEIRA,17,1
45087144,67962dde74544090aaeaed2520e5dafe,27/05/2020,MAIO,QUARTA-FEIRA,23,1
139941295,ea933ef48bb24a37bb9917c01f51d48d,16/12/2020,DEZEMBRO,QUARTA-FEIRA,11,1
124595349,76e7529747ad4f03b60e2c1fb1ff6f59,27/04/2020,ABRIL,SEGUNDA-FEIRA,10,0
117444277,1645ee6b29c747ea973f891fecc560d4,07/02/2020,FEVEREIRO,SEXTA-FEIRA,15,0
48083884,5855a4da1dfd45febb31ea88ba1f74b3,06/11/2020,NOVEMBRO,SEXTA-FEIRA,18,1
132132543,5520da44689f44ee9f1de0f3e6f9f2b8,20/08/2020,AGOSTO,QUINTA-FEIRA,17,0
45234544,58b673cb07074f9e9fe710e6e0682d8b,04/06/2020,JUNHO,QUINTA-FEIRA,08,1
139233051,3cd8bfedeca24f96a49d10387b20ba90,02/12/2020,DEZEMBRO,QUARTA-FEIRA,14,0
126460877,39e44c0942824f99bfa6de1108598f79,19/05/2020,MAIO,TERCA-FEIRA,12,0
41138712,d82845a7378844aa80dc5a1232c3d32c,17/02/2020,FEVEREIRO,SEGUNDA-FEIRA,15,1
46469268,6657241c0c5b4c48a049e86c34855bfc,21/07/2020,JULHO,TERCA-FEIRA,13,1
138236283,ea112308d00446cd811c8ec5302d06fc,13/11/2020,NOVEMBRO,SEXTA-FEIRA,18,0
122401293,6fe1f9dd46054decbc6dfa84dfa5f5c8,09/04/2020,ABRIL,QUINTA-FEIRA,13,0
132763245,05255fbf3dbc4ac0932efc0295a3863b,01/09/2020,SETEMBRO,TERCA-FEIRA,14,1
48734396,ba3bdcfcf8f0496db4c6182552d52f3e,17/12/2020,DEZEMBRO,QUINTA-FEIRA,15,1
139970773,4bfcd6b86bc04cf7bbaa1b8a81670787,16/12/2020,DEZEMBRO,QUARTA-FEIRA,15,0
138736001,070b9c0cc22d45e8aaf0790d05049999,23/11/2020,NOVEMBRO,SEGUNDA-FEIRA,13,1
122907911,5545de7562fd4c6596b727eb9a8fd26f,13/04/2020,ABRIL,SEGUNDA-FEIRA,15,0
44833848,776871c9b81b4998aa63a04b0311977a,19/05/2020,MAIO,TERCA-FEIRA,12,1
123839875,7af144d5f2e64a598707726ebf853529,21/04/2020,ABRIL,TERCA-FEIRA,09,1
48011830,d8d08d7850134a1da0ca527e337b44b7,02/11/2020,NOVEMBRO,SEGUNDA-FEIRA,15,1
47434954,73cfb0eb9a4d4d59a181feaedc4a52a3,25/09/2020,SETEMBRO,SEXTA-FEIRA,08,1
138912367,a79682378e474d7fa5a481fd20253b46,26/11/2020,NOVEMBRO,QUINTA-FEIRA,10,0
133640579,78ceb86e84eb4f08825f5a057bf8f3c3,16/09/2020,SETEMBRO,QUARTA-FEIRA,20,0
134102707,4694534a1101482b927c45d08d44e4b0,24/09/2020,SETEMBRO,QUINTA-FEIRA,11,1
47801034,500b9bf864ff46f99ec630543c7c0bb9,19/10/2020,OUTUBRO,SEGUNDA-FEIRA,10,1
140041889,c7aaaa96059c457690d888a79fdbcb3c,17/12/2020,DEZEMBRO,QUINTA-FEIRA,16,0
122340825,5a7c9eb3bc184df38c590ee1ed7bbf97,09/04/2020,ABRIL,QUINTA-FEIRA,08,0
48557664,447ff5d5f8c242869c9878332932215c,03/12/2020,DEZEMBRO,QUINTA-FEIRA,15,1
123551041,107c40186ad0458c974ea02e6681a665,16/04/2020,ABRIL,QUINTA-FEIRA,12,0
127814051,b0665056a0884f1b888dddd75974544d,09/06/2020,JUNHO,TERCA-FEIRA,10,1
138583859,c01cf162fd6b4c008d0a3b53acd462c8,19/11/2020,NOVEMBRO,QUINTA-FEIRA,16,1
125749159,2f3aa6f07bc74c2886139fea52c6b3d3,08/05/2020,MAIO,SEXTA-FEIRA,14,0
132253247,e29dad34c6254fc3a2639ff50e9db456,24/08/2020,AGOSTO,SEGUNDA-FEIRA,09,1
128391875,24ea23283533434bb6055b1e9117dde4,19/06/2020,JUNHO,SEXTA-FEIRA,14,1
128449139,9a02e3747f23406cb075c610bde7554e,21/06/2020,JUNHO,DOMINGO,12,1
47132108,1c4dfc62745b430e8e5584632d6ed959,07/09/2020,SETEMBRO,SEGUNDA-FEIRA,22,1
117799849,826e23c35be2453f91f4fcb2e718f3a0,11/02/2020,FEVEREIRO,TERCA-FEIRA,11,1
134672233,1437e2bb87524a91b6e55dc4ef694937,04/10/2020,OUTUBRO,DOMINGO,19,1
48425860,c09699189dd048089fd2816055d2c0e7,23/11/2020,NOVEMBRO,SEGUNDA-FEIRA,09,1
138492521,5ac87b2021e44cd99b2c7cf3b6da4b3b,18/11/2020,NOVEMBRO,QUARTA-FEIRA,14,1
46800998,e29dad34c6254fc3a2639ff50e9db456,21/08/2020,AGOSTO,SEXTA-FEIRA,16,1
137025445,342f6adede604e2d87d640288455a86c,23/10/2020,OUTUBRO,SEXTA-FEIRA,13,1
134084109,3d614904cd1541d79e80b00f525e80b3,24/09/2020,SETEMBRO,QUINTA-FEIRA,07,0
41502550,342f6adede604e2d87d640288455a86c,10/03/2020,MARCO,TERCA-FEIRA,21,1
135049249,d0da5674975f41bdbffafb4517e446d9,12/10/2020,OUTUBRO,SEGUNDA-FEIRA,10,1
48700814,72e4f8c907ee4f3a8de7b83007c18c2a,15/12/2020,DEZEMBRO,TERCA-FEIRA,21,1
129648837,5c440e33b90b4705bb852da8e59844c5,07/07/2020,JULHO,TERCA-FEIRA,15,0
48701650,3435dafdbf794ba3be149ca97a07a160,15/12/2020,DEZEMBRO,TERCA-FEIRA,22,1
138990697,d0da5674975f41bdbffafb4517e446d9,27/11/2020,NOVEMBRO,SEXTA-FEIRA,12,1
134661751,056d32ffaff0404abbf2d11981967360,03/10/2020,OUTUBRO,SABADO,23,0
139967967,63e774f46e3f40d1986a7c7c1235438d,16/12/2020,DEZEMBRO,QUARTA-FEIRA,15,1
138765047,a68a36476237455a99d3d9a8a9c09b4d,23/11/2020,NOVEMBRO,SEGUNDA-FEIRA,17,1
138133885,45c1ea5de3c44ea7b76a4dd239f65803,12/11/2020,NOVEMBRO,QUINTA-FEIRA,11,1
137924143,eab8fbcc286f4561aa6f74301c16572c,09/11/2020,NOVEMBRO,SEGUNDA-FEIRA,10,0
138194265,5bf83367acaa40fcb30ed1832e1abfd6,13/11/2020,NOVEMBRO,SEXTA-FEIRA,10,1
140447349,d3ed306efb4e4bd583eca8fc686c7b63,28/12/2020,DEZEMBRO,SEGUNDA-FEIRA,12,1
134675987,78ceb86e84eb4f08825f5a057bf8f3c3,05/10/2020,OUTUBRO,SEGUNDA-FEIRA,08,0
132196849,5ce61132269e47c9a50a948a8bb503f7,21/08/2020,AGOSTO,SEXTA-FEIRA,17,1
47936362,50c93567854d4a70b1dba545dc825ba6,27/10/2020,OUTUBRO,TERCA-FEIRA,16,1
132957971,b0a797ed6c39419d9cba96f6e6fb04bf,04/09/2020,SETEMBRO,SEXTA-FEIRA,12,0
139734425,2b001b44991a419ca4ae440b3778f662,11/12/2020,DEZEMBRO,SEXTA-FEIRA,16,1
48192388,48b585eeaaa74f49b4999153be898901,13/11/2020,NOVEMBRO,SEXTA-FEIRA,17,1
48084846,e4c5c024f8e54d0e9b7864af2d8c360b,06/11/2020,NOVEMBRO,SEXTA-FEIRA,20,1
125889501,2f3aa6f07bc74c2886139fea52c6b3d3,11/05/2020,MAIO,SEGUNDA-FEIRA,11,0
139619379,338a4c58e147419998e8d318d6005ccc,10/12/2020,DEZEMBRO,QUINTA-FEIRA,09,1
127657995,212b0363974e4b768655eb46e6183166,05/06/2020,JUNHO,SEXTA-FEIRA,16,1
48080296,e88d9e82985c48958120c397842bb27d,06/11/2020,NOVEMBRO,SEXTA-FEIRA,15,1
48136414,4d87c231784044ec8cfa3289d72664cc,10/11/2020,NOVEMBRO,TERCA-FEIRA,19,1
122919859,67eb8d7841c043cfbc0895ea36b9fa17,13/04/2020,ABRIL,SEGUNDA-FEIRA,15,0
130829931,6074e293fcb74a91ad0ed6a61262fce4,28/07/2020,JULHO,TERCA-FEIRA,11,1
47882108,951ad24fc3c54f8fa80b06d4661e2252,23/10/2020,OUTUBRO,SEXTA-FEIRA,13,1
139821495,a8a5109eb9d749a59c677d62d66279c5,14/12/2020,DEZEMBRO,SEGUNDA-FEIRA,12,0
139810563,270043c950d640df8904ddd376a8c3de,14/12/2020,DEZEMBRO,SEGUNDA-FEIRA,11,0
125540553,78ceb86e84eb4f08825f5a057bf8f3c3,06/05/2020,MAIO,QUARTA-FEIRA,10,0
44587168,c4a2f69f8c2e40a29bca3d95ac3ba316,07/05/2020,MAIO,QUINTA-FEIRA,23,1
122641017,044b76f5b5594ab1ac5c51bee7f4fba0,12/04/2020,ABRIL,DOMINGO,13,1
128989687,c4abac3d07954e3ba8e0bed46a093311,29/06/2020,JUNHO,SEGUNDA-FEIRA,08,1
139025011,47b2a3a385aa469d8488d01468c9bdf7,27/11/2020,NOVEMBRO,SEXTA-FEIRA,17,1
119692885,056d32ffaff0404abbf2d11981967360,11/03/2020,MARCO,QUARTA-FEIRA,15,1
138825995,f6b26c13052848deab0df6300cc768b4,24/11/2020,NOVEMBRO,TERCA-FEIRA,17,0
46617008,c1c10a56e363405289b27ce3afb31de1,05/08/2020,AGOSTO,QUARTA-FEIRA,14,1
133079421,6335035ec7ca4c2a9d1964484ce2cef8,07/09/2020,SETEMBRO,SEGUNDA-FEIRA,14,0
46400444,4fb492d825ec43c29a7000ff56b5aee7,14/07/2020,JULHO,TERCA-FEIRA,11,1
138642379,1fa4c912814b409b8bb34acd847c390f,20/11/2020,NOVEMBRO,SEXTA-FEIRA,15,1
46735232,2a850a31e8ba40229bf6d990379cc915,17/08/2020,AGOSTO,SEGUNDA-FEIRA,10,1
126121139,6657241c0c5b4c48a049e86c34855bfc,14/05/2020,MAIO,QUINTA-FEIRA,10,1
134878313,c3c1b1333e7d4c1c9e11a0b187d601ed,08/10/2020,OUTUBRO,QUINTA-FEIRA,10,1
117443391,f04b82907d58474dac86d748087fbd95,07/02/2020,FEVEREIRO,SEXTA-FEIRA,15,1
122347331,5545de7562fd4c6596b727eb9a8fd26f,09/04/2020,ABRIL,QUINTA-FEIRA,09,1
48093494,f71dac4ae6a341e5829748f389bb4dc2,07/11/2020,NOVEMBRO,SABADO,15,1
139075145,38841307eb5f4102b0ac6902e0d35fda,29/11/2020,NOVEMBRO,DOMINGO,14,0
48669692,6cc9207bb02448e2b3cce1c80ee6bfeb,14/12/2020,DEZEMBRO,SEGUNDA-FEIRA,20,1
128498545,270a3d5a6141454b9326e73e207cb870,22/06/2020,JUNHO,SEGUNDA-FEIRA,11,1
140593707,784da022ea774cbbb1779f29f755e7a4,30/12/2020,DEZEMBRO,QUARTA-FEIRA,12,1
133286705,b0a797ed6c39419d9cba96f6e6fb04bf,10/09/2020,SETEMBRO,QUINTA-FEIRA,11,0
139701449,5b1d45f505e34afc9ff6bcaa9bfea0e0,11/12/2020,DEZEMBRO,SEXTA-FEIRA,11,0
120617627,270043c950d640df8904ddd376a8c3de,24/03/2020,MARCO,TERCA-FEIRA,17,0
127385223,ce4b57d989544c38bdd8ec08aa01fe6c,02/06/2020,JUNHO,TERCA-FEIRA,10,0
46791884,342f6adede604e2d87d640288455a86c,21/08/2020,AGOSTO,SEXTA-FEIRA,11,1
138724843,7232fbe49bff4725aa125974bd98ac4f,23/11/2020,NOVEMBRO,SEGUNDA-FEIRA,10,0
136514519,b4ffb23176f64e188dbe8f9dfd6e111e,14/10/2020,OUTUBRO,QUARTA-FEIRA,16,0
139426395,6d01ae7b065142189b6ef274f9eaa51f,05/12/2020,DEZEMBRO,SABADO,16,0
128434321,15155fa725f048b3a4c6b3b10a7aa733,20/06/2020,JUNHO,SABADO,15,1
137012199,8eeacd1cf2c74f18b15c2c0b819f33eb,23/10/2020,OUTUBRO,SEXTA-FEIRA,11,0
139553255,e2db970a519741d7a8b6455dcfb93357,09/12/2020,DEZEMBRO,QUARTA-FEIRA,10,0
136928141,4c5738ac72a54e18bcc356f8d5716853,22/10/2020,OUTUBRO,QUINTA-FEIRA,09,1
138174321,ea112308d00446cd811c8ec5302d06fc,12/11/2020,NOVEMBRO,QUINTA-FEIRA,18,1
134552063,60ed128f63d741e69ac55060fc5e95a2,02/10/2020,OUTUBRO,SEXTA-FEIRA,07,0
133505915,d02b3f88a772486385642416b78714cc,14/09/2020,SETEMBRO,SEGUNDA-FEIRA,16,1
121033269,39e44c0942824f99bfa6de1108598f79,29/03/2020,MARCO,DOMINGO,10,0
123717537,3120e56e804849939f22b4806d85e319,19/04/2020,ABRIL,DOMINGO,16,1
48535006,28569a7370d44b7fbe92134d90e9f330,02/12/2020,DEZEMBRO,QUARTA-FEIRA,12,1
125593177,c831f4635aed47dc91d5d3808b7e6b89,06/05/2020,MAIO,QUARTA-FEIRA,16,1
138621925,aa414af793d143e799b672a39065edd0,20/11/2020,NOVEMBRO,SEXTA-FEIRA,11,0
138166349,29525ac3309e4c0aa61d0096929968c5,12/11/2020,NOVEMBRO,QUINTA-FEIRA,16,0
46499976,cb949bcaa5f34e4fbba989caae0ab3ca,24/07/2020,JULHO,SEXTA-FEIRA,01,1
139308735,d5b0f1136bab47dda489d1eeaae9edf4,03/12/2020,DEZEMBRO,QUINTA-FEIRA,13,0
132776855,ff4fd642886f46469fc7b6c8ab745239,01/09/2020,SETEMBRO,TERCA-FEIRA,16,1
47434414,87adca903e4143edb420f433427bd636,24/09/2020,SETEMBRO,QUINTA-FEIRA,20,1
140089603,c52690d062294118a29474dcd6f17b43,18/12/2020,DEZEMBRO,SEXTA-FEIRA,14,1
138847203,569c804b0cbf4f328d1130301dfdcf13,25/11/2020,NOVEMBRO,QUARTA-FEIRA,10,1
48854808,41ee1f1959324992b9792c09ebbe5194,30/12/2020,DEZEMBRO,QUARTA-FEIRA,10,1
47137296,1eb40053b1c342aab6e052c74aa98748,08/09/2020,SETEMBRO,TERCA-FEIRA,09,1
46733314,c829a5e0c23147c9854ccf3f2043d7ea,16/08/2020,AGOSTO,DOMINGO,14,1
119842847,776b3cb9d8144952bd4f4d20321b3745,13/03/2020,MARCO,SEXTA-FEIRA,15,0
46093502,d8d08d7850134a1da0ca527e337b44b7,30/06/2020,JUNHO,TERCA-FEIRA,10,1
47693408,fdf4d2eebdce4edb86bfc106b1224254,11/10/2020,OUTUBRO,DOMINGO,11,1
46422440,c4e39de3479642398364851216b113d5,15/07/2020,JULHO,QUARTA-FEIRA,22,1
133108257,49699183fea34998bebab46ffcc23eae,08/09/2020,SETEMBRO,TERCA-FEIRA,05,1
119348801,bf4bff21864f48c6ae50a46e49992e93,05/03/2020,MARCO,QUINTA-FEIRA,11,1
123869683,50e3db816fc94dfbb7d53ab0bf431dee,21/04/2020,ABRIL,TERCA-FEIRA,13,0
133611969,84156c715f204ecf95f37feae2c0a4c2,16/09/2020,SETEMBRO,QUARTA-FEIRA,13,1
132506109,46e19d048c9045a4bb14b13d386a2f2a,27/08/2020,AGOSTO,QUINTA-FEIRA,15,0
138098981,f0cb5e3c1cac4fc18313931faf2421f2,11/11/2020,NOVEMBRO,QUARTA-FEIRA,17,1
140516367,770c078e882449b69674a57557d0dad9,29/12/2020,DEZEMBRO,TERCA-FEIRA,12,0
48405180,8d3b797d85454f7ca723ad0bc29a4423,20/11/2020,NOVEMBRO,SEXTA-FEIRA,10,1
137211323,9d5364b8d4754da38239a0bb3a2552c1,27/10/2020,OUTUBRO,TERCA-FEIRA,14,1
48395388,d0da5674975f41bdbffafb4517e446d9,19/11/2020,NOVEMBRO,QUINTA-FEIRA,15,1
137756355,ca761e31c69b49e8a302a5db04ab9e1a,05/11/2020,NOVEMBRO,QUINTA-FEIRA,14,0
47755940,e5fb508caefb416d9a3c8c5c76d0d8e0,15/10/2020,OUTUBRO,QUINTA-FEIRA,14,1
48880138,3435dafdbf794ba3be149ca97a07a160,31/12/2020,DEZEMBRO,QUINTA-FEIRA,16,1
48325800,bde934ae949e44e4a2f0d16411b4b790,15/11/2020,NOVEMBRO,DOMINGO,16,1
136603599,79690d016a5640259dd36d197b3f76a2,16/10/2020,OUTUBRO,SEXTA-FEIRA,10,1
48151104,e2692edce91b4cd0b8df16c13b49b2c5,11/11/2020,NOVEMBRO,QUARTA-FEIRA,16,1
133480411,3435dafdbf794ba3be149ca97a07a160,14/09/2020,SETEMBRO,SEGUNDA-FEIRA,13,0
45827172,c1f6cb6af1f044318cea69e551be320b,23/06/2020,JUNHO,TERCA-FEIRA,18,1
48039016,96209be971804c04a1360732bc7b21f1,03/11/2020,NOVEMBRO,TERCA-FEIRA,22,1
125479991,7af144d5f2e64a598707726ebf853529,05/05/2020,MAIO,TERCA-FEIRA,14,0
48118386,d0da5674975f41bdbffafb4517e446d9,09/11/2020,NOVEMBRO,SEGUNDA-FEIRA,22,1
122877789,0a90e59d7cf74348848e06daf52f4f47,13/04/2020,ABRIL,SEGUNDA-FEIRA,13,0
138425001,a79682378e474d7fa5a481fd20253b46,17/11/2020,NOVEMBRO,TERCA-FEIRA,15,0
139691759,2b001b44991a419ca4ae440b3778f662,11/12/2020,DEZEMBRO,SEXTA-FEIRA,10,0
130064335,24ea23283533434bb6055b1e9117dde4,14/07/2020,JULHO,TERCA-FEIRA,13,1
140634351,c67e143369ac422697907254d4377c10,30/12/2020,DEZEMBRO,QUARTA-FEIRA,18,0
137764391,22a6274b836b4f7aaf83058e0688fd5b,05/11/2020,NOVEMBRO,QUINTA-FEIRA,15,1
126174307,6657241c0c5b4c48a049e86c34855bfc,15/05/2020,MAIO,SEXTA-FEIRA,09,1
137795645,e483bc7c34644bd8a693fc6671819d1b,06/11/2020,NOVEMBRO,SEXTA-FEIRA,10,0
125326181,7af144d5f2e64a598707726ebf853529,04/05/2020,MAIO,SEGUNDA-FEIRA,10,0
46722274,776871c9b81b4998aa63a04b0311977a,14/08/2020,AGOSTO,SEXTA-FEIRA,13,1
130601895,fa7e253f3ce347cea79b1ea04bd297b4,23/07/2020,JULHO,QUINTA-FEIRA,11,1
47518152,b608617d1ac44c3884165e99c0781d9f,29/09/2020,SETEMBRO,TERCA-FEIRA,10,1
122408831,6c4e77603cc248569d5a10c2c5ef9a28,09/04/2020,ABRIL,QUINTA-FEIRA,13,0
48030212,fa7e253f3ce347cea79b1ea04bd297b4,03/11/2020,NOVEMBRO,TERCA-FEIRA,12,1
133501799,c09699189dd048089fd2816055d2c0e7,14/09/2020,SETEMBRO,SEGUNDA-FEIRA,16,1
46722272,776871c9b81b4998aa63a04b0311977a,14/08/2020,AGOSTO,SEXTA-FEIRA,13,1
123700243,6fe1f9dd46054decbc6dfa84dfa5f5c8,18/04/2020,ABRIL,SABADO,12,0
139840603,f208c0a3e61e4dd58130cc2bdc5d83d8,14/12/2020,DEZEMBRO,SEGUNDA-FEIRA,15,0
134363453,78ceb86e84eb4f08825f5a057bf8f3c3,29/09/2020,SETEMBRO,TERCA-FEIRA,13,0
42148712,e6f9e6378d0646feb5db04eb12623aba,07/04/2020,ABRIL,TERCA-FEIRA,18,1
137564569,5eddf41a94144076841e8e7917d290e3,02/11/2020,NOVEMBRO,SEGUNDA-FEIRA,16,1
128352809,9a02e3747f23406cb075c610bde7554e,19/06/2020,JUNHO,SEXTA-FEIRA,10,0
119856191,342f6adede604e2d87d640288455a86c,13/03/2020,MARCO,SEXTA-FEIRA,17,1
140067517,259835bc193c46e9925fee22cbb7038a,18/12/2020,DEZEMBRO,SEXTA-FEIRA,11,0
41365920,24ea23283533434bb6055b1e9117dde4,02/03/2020,MARCO,SEGUNDA-FEIRA,12,1
132788461,fef1d086633e4e31a8d061d7cdfce6c9,02/09/2020,SETEMBRO,QUARTA-FEIRA,07,0
137912081,bc424f7062ca42df81c40bcc8205f48b,09/11/2020,NOVEMBRO,SEGUNDA-FEIRA,09,0
47662724,1f35a3dde40242c182c6e6f36220f704,08/10/2020,OUTUBRO,QUINTA-FEIRA,20,1
134598153,dade499c500e4efe8093cf257c3fecc0,02/10/2020,OUTUBRO,SEXTA-FEIRA,12,1
137545695,c01cf162fd6b4c008d0a3b53acd462c8,02/11/2020,NOVEMBRO,SEGUNDA-FEIRA,13,1
139012869,3d614904cd1541d79e80b00f525e80b3,27/11/2020,NOVEMBRO,SEXTA-FEIRA,15,1
134408667,beef7659636e4672b38d1999dd79ba93,30/09/2020,SETEMBRO,QUARTA-FEIRA,09,0
119959615,478f1d1946054e38a66fb3da38ef755e,16/03/2020,MARCO,SEGUNDA-FEIRA,17,1
140217571,ed8fec871fdd4c7187c242b559d60f21,21/12/2020,DEZEMBRO,SEGUNDA-FEIRA,17,0
46434364,c829a5e0c23147c9854ccf3f2043d7ea,17/07/2020,JULHO,SEXTA-FEIRA,03,1
134134645,776871c9b81b4998aa63a04b0311977a,24/09/2020,SETEMBRO,QUINTA-FEIRA,16,1
136925933,c162de451248401b94dc17e4d5bdc0df,22/10/2020,OUTUBRO,QUINTA-FEIRA,09,0
133217249,c09699189dd048089fd2816055d2c0e7,09/09/2020,SETEMBRO,QUARTA-FEIRA,11,1
137760133,e5d6920da503405aa449881676c58716,05/11/2020,NOVEMBRO,QUINTA-FEIRA,14,0
129254977,0bbd6cca66e949779a709ec0bb186c67,01/07/2020,JULHO,QUARTA-FEIRA,10,0
48572008,d498da926d36460a9ff22c6ffc51d15e,04/12/2020,DEZEMBRO,SEXTA-FEIRA,15,1
139050517,236011d4cdec4311bee62578a525e5e5,28/11/2020,NOVEMBRO,SABADO,14,1
138366537,c0b250b2e4f64bda9a64530a7b73cf88,16/11/2020,NOVEMBRO,SEGUNDA-FEIRA,17,1
127541987,e66f98ecdbd848e7a4c00c90a15271ca,04/06/2020,JUNHO,QUINTA-FEIRA,10,0
130965007,3d614904cd1541d79e80b00f525e80b3,30/07/2020,JULHO,QUINTA-FEIRA,09,1
48597640,e0c29d0052bf4d61aa247f44c240712a,07/12/2020,DEZEMBRO,SEGUNDA-FEIRA,19,1
134348131,776b3cb9d8144952bd4f4d20321b3745,29/09/2020,SETEMBRO,TERCA-FEIRA,10,1
137632765,ea95245153af4a3ca16d348de21e154d,03/11/2020,NOVEMBRO,TERCA-FEIRA,16,0
140263741,71815fb3e8cf4cb5ae1348afdf9151f0,22/12/2020,DEZEMBRO,TERCA-FEIRA,15,1
125625235,c831f4635aed47dc91d5d3808b7e6b89,07/05/2020,MAIO,QUINTA-FEIRA,10,1
120670509,5f3f3e35864d4fd09160c986784d3427,25/03/2020,MARCO,QUARTA-FEIRA,11,1
131586437,270a3d5a6141454b9326e73e207cb870,10/08/2020,AGOSTO,SEGUNDA-FEIRA,16,1
43435138,1cbe711dfeda4a2ab27eac8787922c31,18/04/2020,ABRIL,SABADO,17,1
48521876,019d690a96604a049ed58eea48a732a1,30/11/2020,NOVEMBRO,SEGUNDA-FEIRA,17,1
119293383,939231f725a1408c9afec87aa7419f6f,04/03/2020,MARCO,QUARTA-FEIRA,14,1
131843253,aa414af793d143e799b672a39065edd0,14/08/2020,AGOSTO,SEXTA-FEIRA,16,1
131739181,4d37973b9cc44d4cace26e4a73ccca73,13/08/2020,AGOSTO,QUINTA-FEIRA,09,1
119559525,cd8b1e4377334ed198a37780f49fa2fe,09/03/2020,MARCO,SEGUNDA-FEIRA,19,0
138418671,cd8b1e4377334ed198a37780f49fa2fe,17/11/2020,NOVEMBRO,TERCA-FEIRA,14,0
48169364,5cfc56f9c1aa4583b5215e7bbcb88e8c,12/11/2020,NOVEMBRO,QUINTA-FEIRA,13,1
138056561,1bae60da83e842f6b19997e4800ddccb,11/11/2020,NOVEMBRO,QUARTA-FEIRA,10,1
139665217,9be6f71bd10d453d9961473b9c6b3db8,10/12/2020,DEZEMBRO,QUINTA-FEIRA,16,1
47113924,d3ed306efb4e4bd583eca8fc686c7b63,06/09/2020,SETEMBRO,DOMINGO,15,1
138560031,0b323f0ac43e4d39b4f979cbab1e4690,19/11/2020,NOVEMBRO,QUINTA-FEIRA,13,0
136581833,24c213a821eb434ca5854c3d942690ca,15/10/2020,OUTUBRO,QUINTA-FEIRA,17,0
139304953,c1c10a56e363405289b27ce3afb31de1,03/12/2020,DEZEMBRO,QUINTA-FEIRA,13,0
44144068,342f6adede604e2d87d640288455a86c,30/04/2020,ABRIL,QUINTA-FEIRA,15,1
48456374,6efb2603b2df44dba9e15e2f5e3c94de,25/11/2020,NOVEMBRO,QUARTA-FEIRA,10,1
127418155,4694534a1101482b927c45d08d44e4b0,02/06/2020,JUNHO,TERCA-FEIRA,14,0
134514267,df0da1fd1fa54a40acb6648bbf3749a7,01/10/2020,OUTUBRO,QUINTA-FEIRA,13,1
127688123,1645ee6b29c747ea973f891fecc560d4,06/06/2020,JUNHO,SABADO,18,0
117692153,a4849b1984294b6c99b11aba3157d3aa,10/02/2020,FEVEREIRO,SEGUNDA-FEIRA,13,1
131845219,e43408e0cde14bb0a8fc10be69cb95d4,14/08/2020,AGOSTO,SEXTA-FEIRA,16,0
47502794,fe92248729c44f448481c5780127e6d1,28/09/2020,SETEMBRO,SEGUNDA-FEIRA,12,1
129733305,6c4e77603cc248569d5a10c2c5ef9a28,08/07/2020,JULHO,QUARTA-FEIRA,16,1
133482245,9f9adfcb0d5541de96cec459c3a4735c,14/09/2020,SETEMBRO,SEGUNDA-FEIRA,13,1
139805039,15155fa725f048b3a4c6b3b10a7aa733,14/12/2020,DEZEMBRO,SEGUNDA-FEIRA,10,1
128116697,0688dba18bbc4e9ab8cbf2c92703659b,16/06/2020,JUNHO,TERCA-FEIRA,09,1
138025077,b9d8ea8021654c30a01f5bd266ac8eb0,10/11/2020,NOVEMBRO,TERCA-FEIRA,16,1
133914475,f17793b51e3c4d86ae1b9387599f219c,21/09/2020,SETEMBRO,SEGUNDA-FEIRA,10,0
44864558,799e277429ef4581bc4ffbdfda587835,20/05/2020,MAIO,QUARTA-FEIRA,19,1
137712771,1573304ce70c40ec894230ae9caa33bf,04/11/2020,NOVEMBRO,QUARTA-FEIRA,16,1
131554793,1c4dfc62745b430e8e5584632d6ed959,10/08/2020,AGOSTO,SEGUNDA-FEIRA,10,1
134795721,eb145e8aad9a41b8a8b62fe021302ad6,07/10/2020,OUTUBRO,QUARTA-FEIRA,09,0
48041492,b031e00ca6454509b2197223836db49d,04/11/2020,NOVEMBRO,QUARTA-FEIRA,07,1
45205272,1ca382fb705349feac5a7004d95cc658,02/06/2020,JUNHO,TERCA-FEIRA,20,1
131027427,67eb8d7841c043cfbc0895ea36b9fa17,31/07/2020,JULHO,SEXTA-FEIRA,06,0
140032009,0721c3a573b8414d9b0518b7660d7de2,17/12/2020,DEZEMBRO,QUINTA-FEIRA,15,1
42026174,df0da1fd1fa54a40acb6648bbf3749a7,02/04/2020,ABRIL,QUINTA-FEIRA,17,1
120849619,3987276fa51f4807b4fff471c9068377,26/03/2020,MARCO,QUINTA-FEIRA,17,0
40091798,bf4bff21864f48c6ae50a46e49992e93,30/01/2020,JANEIRO,QUINTA-FEIRA,06,1
45991400,00b65a70bcf94365bd3b5629cc084327,27/06/2020,JUNHO,SABADO,14,1
132905167,342f6adede604e2d87d640288455a86c,03/09/2020,SETEMBRO,QUINTA-FEIRA,15,1
122394479,c01cf162fd6b4c008d0a3b53acd462c8,09/04/2020,ABRIL,QUINTA-FEIRA,12,0
125284057,1df32508f76d421289d3288b4fa1961e,02/05/2020,MAIO,SABADO,20,0
139714705,62ad174a8ca04596b04eae076ea04c4a,11/12/2020,DEZEMBRO,SEXTA-FEIRA,13,0
117432087,783ae4f1e6664972b8f9a08342b10397,07/02/2020,FEVEREIRO,SEXTA-FEIRA,14,0
130417705,3617d2498c984ecab3932da030a0fcf5,20/07/2020,JULHO,SEGUNDA-FEIRA,18,0
123571047,23f68869a7f141f3bb7c6acd2761e71e,16/04/2020,ABRIL,QUINTA-FEIRA,14,0
133086649,497b3d10c5c641bfafb3b235835df889,07/09/2020,SETEMBRO,SEGUNDA-FEIRA,15,1
138090223,90c89fe6d21a4b7a863d3b31f70e9906,11/11/2020,NOVEMBRO,QUARTA-FEIRA,15,1
46544044,5b4349844f364243949803d18fe156ea,29/07/2020,JULHO,QUARTA-FEIRA,12,1
139495659,7443a9ce923f4ad894106deb9a856065,07/12/2020,DEZEMBRO,SEGUNDA-FEIRA,16,1
131241357,270a3d5a6141454b9326e73e207cb870,04/08/2020,AGOSTO,TERCA-FEIRA,09,1
44077820,0f6d728e63f7480ca9e284689cd5c015,28/04/2020,ABRIL,TERCA-FEIRA,16,1
119123231,ce4b57d989544c38bdd8ec08aa01fe6c,02/03/2020,MARCO,SEGUNDA-FEIRA,15,0
48185474,d70558c79b9d446f88aab1e18c4ec5b3,13/11/2020,NOVEMBRO,SEXTA-FEIRA,11,1
139897733,86bc0a74ac0847a9b66a15227a9a4a66,15/12/2020,DEZEMBRO,TERCA-FEIRA,14,1
47990710,4a9de21b35a04c0f9c736afa32ce859a,30/10/2020,OUTUBRO,SEXTA-FEIRA,23,1
119447281,0bbd6cca66e949779a709ec0bb186c67,07/03/2020,MARCO,SABADO,01,0
129385779,5dc41925bc48492baae549f174c2dd9b,03/07/2020,JULHO,SEXTA-FEIRA,06,0
131729897,999dc7e2ad0640419092fff1fa72e05c,13/08/2020,AGOSTO,QUINTA-FEIRA,08,1
121801013,3cd32d3443e8406e841f18701e6b1336,03/04/2020,ABRIL,SEXTA-FEIRA,17,0
118646911,a54cc9d35a0c48d7b0bdf61061c3c9de,24/02/2020,FEVEREIRO,SEGUNDA-FEIRA,13,1
118020443,478f1d1946054e38a66fb3da38ef755e,13/02/2020,FEVEREIRO,QUINTA-FEIRA,17,1
126398615,88a3a88e792d4e3c856f56d9a1db232e,18/05/2020,MAIO,SEGUNDA-FEIRA,15,0
127537581,4d87c231784044ec8cfa3289d72664cc,04/06/2020,JUNHO,QUINTA-FEIRA,10,0
137771207,01a539d58f6b4d3d805eac4767a642e1,05/11/2020,NOVEMBRO,QUINTA-FEIRA,16,1
136578607,776b3cb9d8144952bd4f4d20321b3745,15/10/2020,OUTUBRO,QUINTA-FEIRA,16,1
130895479,cb949bcaa5f34e4fbba989caae0ab3ca,29/07/2020,JULHO,QUARTA-FEIRA,10,1
117875657,f04b82907d58474dac86d748087fbd95,12/02/2020,FEVEREIRO,QUARTA-FEIRA,10,1
118422417,8f095357973f4033b46308c9213f9981,20/02/2020,FEVEREIRO,QUINTA-FEIRA,11,0
48674054,f24852444d444a13852eead2d9b544ae,14/12/2020,DEZEMBRO,SEGUNDA-FEIRA,21,1
133070881,e2482ae52bda453698d60da811b8a125,07/09/2020,SETEMBRO,SEGUNDA-FEIRA,13,0
127921289,76e7529747ad4f03b60e2c1fb1ff6f59,12/06/2020,JUNHO,SEXTA-FEIRA,09,0
138876785,11f042407bd64f7db849e85d56352ab3,25/11/2020,NOVEMBRO,QUARTA-FEIRA,15,1
126416925,270a3d5a6141454b9326e73e207cb870,18/05/2020,MAIO,SEGUNDA-FEIRA,19,0
47043000,c4e39de3479642398364851216b113d5,02/09/2020,SETEMBRO,QUARTA-FEIRA,12,1
125830179,2f3aa6f07bc74c2886139fea52c6b3d3,11/05/2020,MAIO,SEGUNDA-FEIRA,07,0
138743183,593dd4c5c4184e7ebc96fbad051d6bc6,23/11/2020,NOVEMBRO,SEGUNDA-FEIRA,14,0
137561915,b75365c1ed964c6f9cd5dc65ff435bfb,02/11/2020,NOVEMBRO,SEGUNDA-FEIRA,15,0
122079351,d8d08d7850134a1da0ca527e337b44b7,07/04/2020,ABRIL,TERCA-FEIRA,13,1
140695581,be932b29cf144805b3ba4d4a1d3dd078,31/12/2020,DEZEMBRO,QUINTA-FEIRA,19,0
140251091,24ccf950b38945078c3b9370d4847204,22/12/2020,DEZEMBRO,TERCA-FEIRA,13,1
133119693,dea3e4e1796d45cdaf9e4262aab54865,08/09/2020,SETEMBRO,TERCA-FEIRA,09,0
46512228,15981485c0ea4780b8d28454f214b24d,25/07/2020,JULHO,SABADO,16,1
41685782,191148ff29c64629b1edf90bfb721256,20/03/2020,MARCO,SEXTA-FEIRA,11,1
137984809,cb244cb0065d46f6acfc84dea7dfae6e,10/11/2020,NOVEMBRO,TERCA-FEIRA,09,1
47625564,cb949bcaa5f34e4fbba989caae0ab3ca,06/10/2020,OUTUBRO,TERCA-FEIRA,22,1
48435882,0c21f7112e314724a022d754bc673612,23/11/2020,NOVEMBRO,SEGUNDA-FEIRA,16,1
137743691,304acc1b8894498c82dd1092e7d86849,05/11/2020,NOVEMBRO,QUINTA-FEIRA,11,1
123894339,342f6adede604e2d87d640288455a86c,21/04/2020,ABRIL,TERCA-FEIRA,18,1
132321057,852c6ea0ecaa431baf7584c5eab24bfd,25/08/2020,AGOSTO,TERCA-FEIRA,09,1
48789406,ff4fd642886f46469fc7b6c8ab745239,22/12/2020,DEZEMBRO,TERCA-FEIRA,16,1
139074913,38841307eb5f4102b0ac6902e0d35fda,29/11/2020,NOVEMBRO,DOMINGO,14,0
119791251,a06c2690d648494f9177d91fb623c575,12/03/2020,MARCO,QUINTA-FEIRA,21,1
42107332,6fe1f9dd46054decbc6dfa84dfa5f5c8,06/04/2020,ABRIL,SEGUNDA-FEIRA,16,1
134904397,beef7659636e4672b38d1999dd79ba93,08/10/2020,OUTUBRO,QUINTA-FEIRA,14,1
129576463,983206a77e814bd390cf699f90da0125,06/07/2020,JULHO,SEGUNDA-FEIRA,17,1
118798977,342f6adede604e2d87d640288455a86c,26/02/2020,FEVEREIRO,QUARTA-FEIRA,17,1
48495104,497b3d10c5c641bfafb3b235835df889,27/11/2020,NOVEMBRO,SEXTA-FEIRA,17,1
45026046,4fc83310c9cc44ef8e2bbdf850ff5187,25/05/2020,MAIO,SEGUNDA-FEIRA,18,1
48104252,2dc95bdbfca44f30841fbaf8164ec946,09/11/2020,NOVEMBRO,SEGUNDA-FEIRA,11,1
127664731,c01cf162fd6b4c008d0a3b53acd462c8,05/06/2020,JUNHO,SEXTA-FEIRA,17,1
133233687,78ceb86e84eb4f08825f5a057bf8f3c3,09/09/2020,SETEMBRO,QUARTA-FEIRA,14,0
121115743,4d37973b9cc44d4cace26e4a73ccca73,30/03/2020,MARCO,SEGUNDA-FEIRA,11,0
47821410,5520da44689f44ee9f1de0f3e6f9f2b8,20/10/2020,OUTUBRO,TERCA-FEIRA,11,1
47069766,342f6adede604e2d87d640288455a86c,03/09/2020,SETEMBRO,QUINTA-FEIRA,16,1
137620013,48b585eeaaa74f49b4999153be898901,03/11/2020,NOVEMBRO,TERCA-FEIRA,14,0
133611327,dd63273b339f4d22aecadacfdce6348e,16/09/2020,SETEMBRO,QUARTA-FEIRA,13,0
48560570,e6c40aafba4b49cb9fb51ae8b1035501,03/12/2020,DEZEMBRO,QUINTA-FEIRA,19,1
127957335,9a02e3747f23406cb075c610bde7554e,12/06/2020,JUNHO,SEXTA-FEIRA,13,1
117721275,8f095357973f4033b46308c9213f9981,10/02/2020,FEVEREIRO,SEGUNDA-FEIRA,14,0
129064875,843c905e328740c19257562791a56538,29/06/2020,JUNHO,SEGUNDA-FEIRA,16,0
133242113,25817d9f4ca24430bcbf1ecd621f7da6,09/09/2020,SETEMBRO,QUARTA-FEIRA,15,1
132851441,226f632dd8754fc6b99594cc6b1fcb0a,02/09/2020,SETEMBRO,QUARTA-FEIRA,19,1
124936901,c4abac3d07954e3ba8e0bed46a093311,30/04/2020,ABRIL,QUINTA-FEIRA,15,1
130065651,d8e8d6d11315455299baa6c3a5b0da64,14/07/2020,JULHO,TERCA-FEIRA,14,1
47840112,30b73979f70541d6857e2f86872adfed,21/10/2020,OUTUBRO,QUARTA-FEIRA,12,1
138920733,db2f19bbb15c479c822a8bc3ddfd6670,26/11/2020,NOVEMBRO,QUINTA-FEIRA,11,1
48507654,ca761e31c69b49e8a302a5db04ab9e1a,30/11/2020,NOVEMBRO,SEGUNDA-FEIRA,09,1
48055092,efdbd5af90434276b90480399db5c8a9,05/11/2020,NOVEMBRO,QUINTA-FEIRA,07,1
137822115,1e38b0d5026f4d7d8d4440ef95271e68,06/11/2020,NOVEMBRO,SEXTA-FEIRA,14,0
130863963,bf134df621db45be8cf340e85aa16d27,28/07/2020,JULHO,TERCA-FEIRA,16,1
138601369,7fb527ecc6304365aeb126ca8f4cc88f,20/11/2020,NOVEMBRO,SEXTA-FEIRA,08,0
47547018,d6d15f0a48b04683bd06c60526e9f0c1,30/09/2020,SETEMBRO,QUARTA-FEIRA,20,1
137699745,cd8b1e4377334ed198a37780f49fa2fe,04/11/2020,NOVEMBRO,QUARTA-FEIRA,15,0
47614648,c4b634a30fff4d6b88488c440aaca690,06/10/2020,OUTUBRO,TERCA-FEIRA,12,1
130741327,a54cc9d35a0c48d7b0bdf61061c3c9de,27/07/2020,JULHO,SEGUNDA-FEIRA,09,1
48358414,0416967d360143d6b092f6e122f1b98a,17/11/2020,NOVEMBRO,TERCA-FEIRA,16,1
125378509,bf4bff21864f48c6ae50a46e49992e93,04/05/2020,MAIO,SEGUNDA-FEIRA,14,0
140540153,8f095357973f4033b46308c9213f9981,29/12/2020,DEZEMBRO,TERCA-FEIRA,14,1
48138792,3ce7e7e0adcd40d3a869259d87e19637,10/11/2020,NOVEMBRO,TERCA-FEIRA,18,1
122907917,5545de7562fd4c6596b727eb9a8fd26f,13/04/2020,ABRIL,SEGUNDA-FEIRA,15,0
123352439,5dc41925bc48492baae549f174c2dd9b,14/04/2020,ABRIL,TERCA-FEIRA,14,0
137148527,93d41d2c7e8a4f3b9a71cd9254b05f4f,26/10/2020,OUTUBRO,SEGUNDA-FEIRA,12,1
138019771,c3c1b1333e7d4c1c9e11a0b187d601ed,10/11/2020,NOVEMBRO,TERCA-FEIRA,15,0
134580137,4d87c231784044ec8cfa3289d72664cc,02/10/2020,OUTUBRO,SEXTA-FEIRA,10,0
46446988,ad02d20c1cf640b0b37e8c748bb338c1,18/07/2020,JULHO,SABADO,20,1
132886329,cb56f1d702c742b6b41ed2f2c28183e0,03/09/2020,SETEMBRO,QUINTA-FEIRA,11,1
118401245,8f095357973f4033b46308c9213f9981,20/02/2020,FEVEREIRO,QUINTA-FEIRA,09,0
136878281,342f6adede604e2d87d640288455a86c,21/10/2020,OUTUBRO,QUARTA-FEIRA,13,1
138498037,4a7becbbd1854746bd95b7a65a90426c,18/11/2020,NOVEMBRO,QUARTA-FEIRA,14,1
138958325,0bbd6cca66e949779a709ec0bb186c67,26/11/2020,NOVEMBRO,QUINTA-FEIRA,18,1
130932251,7443a9ce923f4ad894106deb9a856065,29/07/2020,JULHO,QUARTA-FEIRA,15,1
131391091,270a3d5a6141454b9326e73e207cb870,06/08/2020,AGOSTO,QUINTA-FEIRA,11,0
136850933,ce0a48cf304344019d833c0f41f61a22,21/10/2020,OUTUBRO,QUARTA-FEIRA,10,1
46118090,0688dba18bbc4e9ab8cbf2c92703659b,01/07/2020,JULHO,QUARTA-FEIRA,11,1
133663919,78ceb86e84eb4f08825f5a057bf8f3c3,17/09/2020,SETEMBRO,QUINTA-FEIRA,11,1
139306797,678eb85adcf34764b6fb302ecaa9b073,03/12/2020,DEZEMBRO,QUINTA-FEIRA,13,0
122412837,5545de7562fd4c6596b727eb9a8fd26f,09/04/2020,ABRIL,QUINTA-FEIRA,14,0
123929009,50e3db816fc94dfbb7d53ab0bf431dee,22/04/2020,ABRIL,QUARTA-FEIRA,11,0
119426865,b608617d1ac44c3884165e99c0781d9f,06/03/2020,MARCO,SEXTA-FEIRA,15,1
117796881,f04b82907d58474dac86d748087fbd95,11/02/2020,FEVEREIRO,TERCA-FEIRA,11,0
124130469,0688dba18bbc4e9ab8cbf2c92703659b,24/04/2020,ABRIL,SEXTA-FEIRA,17,1
48602646,812535cc13334a4dba1f92655cd752f4,09/12/2020,DEZEMBRO,QUARTA-FEIRA,00,1
139847179,b031e00ca6454509b2197223836db49d,14/12/2020,DEZEMBRO,SEGUNDA-FEIRA,17,0
47303104,b8265749f3504295ae219c2451307721,17/09/2020,SETEMBRO,QUINTA-FEIRA,12,1
127170765,c1dd4897029f4d689d8bf29190c87169,29/05/2020,MAIO,SEXTA-FEIRA,08,1
40161760,5ab4976fd0694663b84bef9f5a6f733c,31/01/2020,JANEIRO,SEXTA-FEIRA,15,1
140670711,f4d7af89222d4df59366bfa953f1d70f,31/12/2020,DEZEMBRO,QUINTA-FEIRA,12,1
140496005,b433f4695ba54e638aee6503c5117109,29/12/2020,DEZEMBRO,TERCA-FEIRA,09,1
133906069,76e7529747ad4f03b60e2c1fb1ff6f59,21/09/2020,SETEMBRO,SEGUNDA-FEIRA,09,0
134392349,17d932e6fbb1454b92c48bad8b148806,29/09/2020,SETEMBRO,TERCA-FEIRA,18,0
137581455,0a90e59d7cf74348848e06daf52f4f47,02/11/2020,NOVEMBRO,SEGUNDA-FEIRA,22,0
138162991,6de2b616ee124331b828d516ee54164d,12/11/2020,NOVEMBRO,QUINTA-FEIRA,16,1
133153763,d70558c79b9d446f88aab1e18c4ec5b3,08/09/2020,SETEMBRO,TERCA-FEIRA,14,0
41763550,fa7e253f3ce347cea79b1ea04bd297b4,24/03/2020,MARCO,TERCA-FEIRA,12,1
122976073,5dc41925bc48492baae549f174c2dd9b,13/04/2020,ABRIL,SEGUNDA-FEIRA,19,0
46632842,1c4dfc62745b430e8e5584632d6ed959,06/08/2020,AGOSTO,QUINTA-FEIRA,14,1
123947745,7af144d5f2e64a598707726ebf853529,22/04/2020,ABRIL,QUARTA-FEIRA,13,0
119739237,799e277429ef4581bc4ffbdfda587835,12/03/2020,MARCO,QUINTA-FEIRA,10,1
134870049,eb145e8aad9a41b8a8b62fe021302ad6,08/10/2020,OUTUBRO,QUINTA-FEIRA,09,0
125960163,226f632dd8754fc6b99594cc6b1fcb0a,12/05/2020,MAIO,TERCA-FEIRA,08,1
48847342,b433f4695ba54e638aee6503c5117109,29/12/2020,DEZEMBRO,TERCA-FEIRA,16,1
126045771,46e0d2107efb42cbae028f6e0540ed4f,13/05/2020,MAIO,QUARTA-FEIRA,10,1
129647875,5c440e33b90b4705bb852da8e59844c5,07/07/2020,JULHO,TERCA-FEIRA,15,0
47662474,d6d15f0a48b04683bd06c60526e9f0c1,08/10/2020,OUTUBRO,QUINTA-FEIRA,18,1
47796178,4d87c231784044ec8cfa3289d72664cc,18/10/2020,OUTUBRO,DOMINGO,19,1
46527034,5c2d686d79474843bb41b51d4da5c7f5,28/07/2020,JULHO,TERCA-FEIRA,09,1
139210651,a8b448433ddb470e823dd63a93f73da3,02/12/2020,DEZEMBRO,QUARTA-FEIRA,11,1
126070655,cd8b1e4377334ed198a37780f49fa2fe,13/05/2020,MAIO,QUARTA-FEIRA,13,0
42299910,6c4e77603cc248569d5a10c2c5ef9a28,08/04/2020,ABRIL,QUARTA-FEIRA,15,1
139128137,683bddb32679404c93307cbbe8a8e0d0,30/11/2020,NOVEMBRO,SEGUNDA-FEIRA,14,0
133286787,3ac42c423dee4059920b8c0c87095135,10/09/2020,SETEMBRO,QUINTA-FEIRA,11,1
118071891,8f095357973f4033b46308c9213f9981,14/02/2020,FEVEREIRO,SEXTA-FEIRA,13,1
140273533,72e08d08e7534edd8f791f339341df2a,22/12/2020,DEZEMBRO,TERCA-FEIRA,18,1
139901747,d82845a7378844aa80dc5a1232c3d32c,15/12/2020,DEZEMBRO,TERCA-FEIRA,14,1
130433661,6657241c0c5b4c48a049e86c34855bfc,21/07/2020,JULHO,TERCA-FEIRA,09,0
139402911,38841307eb5f4102b0ac6902e0d35fda,04/12/2020,DEZEMBRO,SEXTA-FEIRA,18,0
129864763,fbb3239246734a198492e61048bac1f5,10/07/2020,JULHO,SEXTA-FEIRA,10,0
124849045,fe92248729c44f448481c5780127e6d1,29/04/2020,ABRIL,QUARTA-FEIRA,14,1
137046077,abbafced7cde4634ade4de593e527f3e,23/10/2020,OUTUBRO,SEXTA-FEIRA,15,1
137284659,e6c40aafba4b49cb9fb51ae8b1035501,28/10/2020,OUTUBRO,QUARTA-FEIRA,15,0
134566349,0d208d0b4382461b83c8716a0fd1433a,02/10/2020,OUTUBRO,SEXTA-FEIRA,10,0
134977775,7f6e4953056043dc8b03890944b4cd43,09/10/2020,OUTUBRO,SEXTA-FEIRA,15,1
45129478,776871c9b81b4998aa63a04b0311977a,29/05/2020,MAIO,SEXTA-FEIRA,18,1
139049513,983206a77e814bd390cf699f90da0125,28/11/2020,NOVEMBRO,SABADO,13,0
139244543,c27907e9c865428bae80c496822838ba,02/12/2020,DEZEMBRO,QUARTA-FEIRA,15,1
129448389,59fc44b7a1f6493fbb957d92edc3a7f9,03/07/2020,JULHO,SEXTA-FEIRA,17,1
136503597,727673e2245d441b9e2ef07f093d8d8d,14/10/2020,OUTUBRO,QUARTA-FEIRA,15,0
46860408,730c63080e0e4473a8807c5d1363165b,26/08/2020,AGOSTO,QUARTA-FEIRA,00,1
41950330,4694534a1101482b927c45d08d44e4b0,31/03/2020,MARCO,TERCA-FEIRA,14,1
140427725,1df32508f76d421289d3288b4fa1961e,28/12/2020,DEZEMBRO,SEGUNDA-FEIRA,10,1
44461686,a7cdd96c4cf24d4a8685eeed1785167b,04/05/2020,MAIO,SEGUNDA-FEIRA,11,1
124937141,7af144d5f2e64a598707726ebf853529,30/04/2020,ABRIL,QUINTA-FEIRA,16,0
128259191,c1579e283c6640a4b23438b252d9fb4f,18/06/2020,JUNHO,QUINTA-FEIRA,09,1
133469619,38d33a3ce7c040349753cad4973fd7db,14/09/2020,SETEMBRO,SEGUNDA-FEIRA,11,1
136738345,b568bb096e4e41358931d0d33da25e08,19/10/2020,OUTUBRO,SEGUNDA-FEIRA,16,1
136857151,4c5738ac72a54e18bcc356f8d5716853,21/10/2020,OUTUBRO,QUARTA-FEIRA,11,1
46517958,1c4dfc62745b430e8e5584632d6ed959,27/07/2020,JULHO,SEGUNDA-FEIRA,11,1
119594419,4d37973b9cc44d4cace26e4a73ccca73,10/03/2020,MARCO,TERCA-FEIRA,11,0
48533432,776871c9b81b4998aa63a04b0311977a,02/12/2020,DEZEMBRO,QUARTA-FEIRA,10,1
137144945,e2bb3e1b28f94756ae729148a39f5fe7,26/10/2020,OUTUBRO,SEGUNDA-FEIRA,12,1
138543223,44823c22021244dcb746240dbde2e4a6,19/11/2020,NOVEMBRO,QUINTA-FEIRA,10,1
48511884,d81ddf53119b43649329e08a4b4f93bc,30/11/2020,NOVEMBRO,SEGUNDA-FEIRA,12,1
132733451,e29dad34c6254fc3a2639ff50e9db456,01/09/2020,SETEMBRO,TERCA-FEIRA,10,1
120576643,4694534a1101482b927c45d08d44e4b0,24/03/2020,MARCO,TERCA-FEIRA,13,0
134085823,3d614904cd1541d79e80b00f525e80b3,24/09/2020,SETEMBRO,QUINTA-FEIRA,08,0
46342648,1bae60da83e842f6b19997e4800ddccb,10/07/2020,JULHO,SEXTA-FEIRA,14,1
140188623,224b304199ed4c35b74e09a367e4a38c,21/12/2020,DEZEMBRO,SEGUNDA-FEIRA,12,1
120121069,dd63273b339f4d22aecadacfdce6348e,19/03/2020,MARCO,QUINTA-FEIRA,08,1
125793253,64b2cf522c634d87ab3f317acb44caf1,09/05/2020,MAIO,SABADO,11,0
131902965,3ac42c423dee4059920b8c0c87095135,17/08/2020,AGOSTO,SEGUNDA-FEIRA,11,0
131200277,ba3bdcfcf8f0496db4c6182552d52f3e,03/08/2020,AGOSTO,SEGUNDA-FEIRA,14,0
128515639,dd63273b339f4d22aecadacfdce6348e,22/06/2020,JUNHO,SEGUNDA-FEIRA,14,1
48422996,3435dafdbf794ba3be149ca97a07a160,22/11/2020,NOVEMBRO,DOMINGO,15,1
138644219,9f0830074a364851ad0d5af177560e03,20/11/2020,NOVEMBRO,SEXTA-FEIRA,15,0
137671477,026a5ff6d8294209bdaa77ae7635ae8b,04/11/2020,NOVEMBRO,QUARTA-FEIRA,10,1
41475618,d3ed306efb4e4bd583eca8fc686c7b63,07/03/2020,MARCO,SABADO,12,1
47293870,78ceb86e84eb4f08825f5a057bf8f3c3,16/09/2020,SETEMBRO,QUARTA-FEIRA,21,1
131916515,4694534a1101482b927c45d08d44e4b0,17/08/2020,AGOSTO,SEGUNDA-FEIRA,13,1
138389247,3853af31e4c04c6889442c83ff443cd7,17/11/2020,NOVEMBRO,TERCA-FEIRA,09,1
132996525,76e7529747ad4f03b60e2c1fb1ff6f59,05/09/2020,SETEMBRO,SABADO,07,0
125935161,ce4b57d989544c38bdd8ec08aa01fe6c,11/05/2020,MAIO,SEGUNDA-FEIRA,16,1
48479832,5abb7307f641435dacf0ebf1936d6667,26/11/2020,NOVEMBRO,QUINTA-FEIRA,16,1
137163101,500b9bf864ff46f99ec630543c7c0bb9,26/10/2020,OUTUBRO,SEGUNDA-FEIRA,15,1
132176499,5ce61132269e47c9a50a948a8bb503f7,21/08/2020,AGOSTO,SEXTA-FEIRA,13,0
126392549,776871c9b81b4998aa63a04b0311977a,18/05/2020,MAIO,SEGUNDA-FEIRA,14,1
139331911,69c6ca9c085943e0beeeb1f372795d5a,03/12/2020,DEZEMBRO,QUINTA-FEIRA,17,1
132046241,ed8fec871fdd4c7187c242b559d60f21,19/08/2020,AGOSTO,QUARTA-FEIRA,13,1
134421771,c71ac7d64c174cd39053ffb7115e895d,30/09/2020,SETEMBRO,QUARTA-FEIRA,10,1
132693527,de077c13fd83467ab2ddb1267a9f99ef,31/08/2020,AGOSTO,SEGUNDA-FEIRA,14,1
140559145,94481d44b8534e5ab15a25af97ce1af1,29/12/2020,DEZEMBRO,TERCA-FEIRA,17,1
117804011,8f095357973f4033b46308c9213f9981,11/02/2020,FEVEREIRO,TERCA-FEIRA,12,1
138489303,0e07b6ab44684e2cbb744e814bb4a89c,18/11/2020,NOVEMBRO,QUARTA-FEIRA,13,1
129724287,ed91f9a6016e49f68dd99e38c41d8a71,08/07/2020,JULHO,QUARTA-FEIRA,14,1
132326669,d6d15f0a48b04683bd06c60526e9f0c1,25/08/2020,AGOSTO,TERCA-FEIRA,10,1
140295693,eab8fbcc286f4561aa6f74301c16572c,23/12/2020,DEZEMBRO,QUARTA-FEIRA,11,0
140185255,e352045f5686456493c15f7216fe56b2,21/12/2020,DEZEMBRO,SEGUNDA-FEIRA,12,1
137011059,e5fb508caefb416d9a3c8c5c76d0d8e0,23/10/2020,OUTUBRO,SEXTA-FEIRA,11,0
47537812,42d1cb59ef354394bb17795f82679f15,30/09/2020,SETEMBRO,QUARTA-FEIRA,12,1
45164468,6657241c0c5b4c48a049e86c34855bfc,01/06/2020,JUNHO,SEGUNDA-FEIRA,12,1
124811247,6fe1f9dd46054decbc6dfa84dfa5f5c8,29/04/2020,ABRIL,QUARTA-FEIRA,11,0
45108750,56daf308a56a40f598c9a8f98342e0c8,29/05/2020,MAIO,SEXTA-FEIRA,09,1
42009844,5752221717994b2dada61786c6e4a372,02/04/2020,ABRIL,QUINTA-FEIRA,10,1
139480903,0a5b114c9a06480f8b4b9336196f25c4,07/12/2020,DEZEMBRO,SEGUNDA-FEIRA,13,1
48770192,448e9873b557460b921c09c00ca5f835,21/12/2020,DEZEMBRO,SEGUNDA-FEIRA,13,1
138395099,6acd263725574db98607762c5f800562,17/11/2020,NOVEMBRO,TERCA-FEIRA,10,0
138030739,e5fb508caefb416d9a3c8c5c76d0d8e0,10/11/2020,NOVEMBRO,TERCA-FEIRA,17,0
138156089,9a02e3747f23406cb075c610bde7554e,12/11/2020,NOVEMBRO,QUINTA-FEIRA,15,0
129828847,bf4bff21864f48c6ae50a46e49992e93,09/07/2020,JULHO,QUINTA-FEIRA,15,1
137761449,0db5dbcacfa94257beae09ccafc534d3,05/11/2020,NOVEMBRO,QUINTA-FEIRA,14,0
48555296,1da55d838b2944169f4f1e45683ccf53,03/12/2020,DEZEMBRO,QUINTA-FEIRA,14,1
123413943,59fc44b7a1f6493fbb957d92edc3a7f9,14/04/2020,ABRIL,TERCA-FEIRA,19,0
134823653,7f6e4953056043dc8b03890944b4cd43,07/10/2020,OUTUBRO,QUARTA-FEIRA,13,1
47648382,87adca903e4143edb420f433427bd636,08/10/2020,OUTUBRO,QUINTA-FEIRA,10,1
122409067,fef1d086633e4e31a8d061d7cdfce6c9,09/04/2020,ABRIL,QUINTA-FEIRA,13,0
140041203,478f1d1946054e38a66fb3da38ef755e,17/12/2020,DEZEMBRO,QUINTA-FEIRA,17,0
121840223,6fe1f9dd46054decbc6dfa84dfa5f5c8,04/04/2020,ABRIL,SABADO,15,0
119390675,0bbd6cca66e949779a709ec0bb186c67,05/03/2020,MARCO,QUINTA-FEIRA,21,1
127499911,1645ee6b29c747ea973f891fecc560d4,03/06/2020,JUNHO,QUARTA-FEIRA,15,1
48725304,4a7becbbd1854746bd95b7a65a90426c,17/12/2020,DEZEMBRO,QUINTA-FEIRA,02,1
120179807,23723b5ae2b04710a45930c4fcb6458b,19/03/2020,MARCO,QUINTA-FEIRA,15,0
118748267,5a0bac47b3a94b4fa164a8020f245726,26/02/2020,FEVEREIRO,QUARTA-FEIRA,11,1
137532129,274d786f6a8948ea8a740d8bab2c7d69,02/11/2020,NOVEMBRO,SEGUNDA-FEIRA,11,0
138506561,b62a42749dfb4919a645e6c94c5d6fa6,18/11/2020,NOVEMBRO,QUARTA-FEIRA,16,1
130869593,7915cd367f2f4d74926c13cbb725a78b,28/07/2020,JULHO,TERCA-FEIRA,18,1
139352945,e2db970a519741d7a8b6455dcfb93357,04/12/2020,DEZEMBRO,SEXTA-FEIRA,10,0
48116040,41b9264bf2d3440590cbd38e47cfb3a2,09/11/2020,NOVEMBRO,SEGUNDA-FEIRA,20,1
136756547,bc424f7062ca42df81c40bcc8205f48b,20/10/2020,OUTUBRO,TERCA-FEIRA,08,0
130780699,cb949bcaa5f34e4fbba989caae0ab3ca,27/07/2020,JULHO,SEGUNDA-FEIRA,14,1
138970409,f22dbc0bd72a48f5ad0f69d2d7225c76,27/11/2020,NOVEMBRO,SEXTA-FEIRA,08,0
48550366,40897170c9d547c583fbbf0492cc78df,03/12/2020,DEZEMBRO,QUINTA-FEIRA,10,1
48324404,c4abac3d07954e3ba8e0bed46a093311,15/11/2020,NOVEMBRO,DOMINGO,19,1
120719713,27141cd32ba74d769b11c7f85c24f5f5,25/03/2020,MARCO,QUARTA-FEIRA,15,0
128935125,24c213a821eb434ca5854c3d942690ca,27/06/2020,JUNHO,SABADO,13,0
139651183,67eb8d7841c043cfbc0895ea36b9fa17,10/12/2020,DEZEMBRO,QUINTA-FEIRA,14,0
48027612,87adca903e4143edb420f433427bd636,03/11/2020,NOVEMBRO,TERCA-FEIRA,11,1
48116440,665bdef8b2c745189d81a77d3eacbf8a,09/11/2020,NOVEMBRO,SEGUNDA-FEIRA,23,1
116986559,f04b82907d58474dac86d748087fbd95,04/02/2020,FEVEREIRO,TERCA-FEIRA,17,1
134621619,62e125d4c5904cec86e4f816ece8df61,02/10/2020,OUTUBRO,SEXTA-FEIRA,16,1
48594022,7443a9ce923f4ad894106deb9a856065,07/12/2020,DEZEMBRO,SEGUNDA-FEIRA,16,1
140475699,62479164a3d64c66b526cc0222ebc0a2,28/12/2020,DEZEMBRO,SEGUNDA-FEIRA,17,1
48591800,7f04f0b9d40b47edb46f675e4dd1a263,07/12/2020,DEZEMBRO,SEGUNDA-FEIRA,14,1
122813711,b0665056a0884f1b888dddd75974544d,13/04/2020,ABRIL,SEGUNDA-FEIRA,09,1
137279257,5f7409bcaafb455fa9d9a6f4e3101861,28/10/2020,OUTUBRO,QUARTA-FEIRA,14,0
129064811,843c905e328740c19257562791a56538,29/06/2020,JUNHO,SEGUNDA-FEIRA,16,0
136637721,0a5f1533de0248549fbaabc6d19c5e53,16/10/2020,OUTUBRO,SEXTA-FEIRA,16,1
121225539,4694534a1101482b927c45d08d44e4b0,31/03/2020,MARCO,TERCA-FEIRA,09,0
130780303,15981485c0ea4780b8d28454f214b24d,27/07/2020,JULHO,SEGUNDA-FEIRA,14,1
139384081,8d25cdfaf2bf4141b0eb92cfc193ba18,04/12/2020,DEZEMBRO,SEXTA-FEIRA,14,1
130298773,64b2cf522c634d87ab3f317acb44caf1,17/07/2020,JULHO,SEXTA-FEIRA,16,0
137986449,d015b7766a724f489a3d970fd65d9dbf,10/11/2020,NOVEMBRO,TERCA-FEIRA,09,1
121012853,070b9c0cc22d45e8aaf0790d05049999,28/03/2020,MARCO,SABADO,12,0
126417539,983206a77e814bd390cf699f90da0125,18/05/2020,MAIO,SEGUNDA-FEIRA,19,0
120591641,1db531296c3147efafc9a1ead855d7a3,24/03/2020,MARCO,TERCA-FEIRA,15,1
136692313,87adca903e4143edb420f433427bd636,19/10/2020,OUTUBRO,SEGUNDA-FEIRA,09,0
133963813,226f632dd8754fc6b99594cc6b1fcb0a,22/09/2020,SETEMBRO,TERCA-FEIRA,08,1
119565171,cd8b1e4377334ed198a37780f49fa2fe,09/03/2020,MARCO,SEGUNDA-FEIRA,21,0
125769627,4bfcd6b86bc04cf7bbaa1b8a81670787,08/05/2020,MAIO,SEXTA-FEIRA,16,1
132861485,76e7529747ad4f03b60e2c1fb1ff6f59,03/09/2020,SETEMBRO,QUINTA-FEIRA,07,0
128453433,76e7529747ad4f03b60e2c1fb1ff6f59,21/06/2020,JUNHO,DOMINGO,18,0
131205415,338a4c58e147419998e8d318d6005ccc,03/08/2020,AGOSTO,SEGUNDA-FEIRA,15,1
140007261,06227ad00fdd41b9826803e378f1d0d1,17/12/2020,DEZEMBRO,QUINTA-FEIRA,11,0
42129724,fa7e253f3ce347cea79b1ea04bd297b4,07/04/2020,ABRIL,TERCA-FEIRA,09,1
139560421,05fe7708bc4343d5975defb718d10796,09/12/2020,DEZEMBRO,QUARTA-FEIRA,11,0
139709361,49699183fea34998bebab46ffcc23eae,11/12/2020,DEZEMBRO,SEXTA-FEIRA,13,1
125881681,30b73979f70541d6857e2f86872adfed,11/05/2020,MAIO,SEGUNDA-FEIRA,10,1
129402517,c4e39de3479642398364851216b113d5,03/07/2020,JULHO,SEXTA-FEIRA,10,1
47781686,2376dda8ce3e443298abb841278b16b5,16/10/2020,OUTUBRO,SEXTA-FEIRA,15,1
116395933,6c4e77603cc248569d5a10c2c5ef9a28,29/01/2020,JANEIRO,QUARTA-FEIRA,14,1
120727759,a8325b2a457148af8c5e3d9f6664b783,25/03/2020,MARCO,QUARTA-FEIRA,16,0
47172716,1c4dfc62745b430e8e5584632d6ed959,09/09/2020,SETEMBRO,QUARTA-FEIRA,23,1
139649863,67eb8d7841c043cfbc0895ea36b9fa17,10/12/2020,DEZEMBRO,QUINTA-FEIRA,14,0
131042485,b608617d1ac44c3884165e99c0781d9f,31/07/2020,JULHO,SEXTA-FEIRA,10,0
137936603,6bfea741ef7e44399d0fc0caa22f4f42,09/11/2020,NOVEMBRO,SEGUNDA-FEIRA,12,1
126638215,d7933f4a5de64941a6e9cff8e9ab1fdb,21/05/2020,MAIO,QUINTA-FEIRA,09,1
132592927,cd8b1e4377334ed198a37780f49fa2fe,28/08/2020,AGOSTO,SEXTA-FEIRA,20,0
125709437,7ad2ca11c66146888d0f48b802903f80,08/05/2020,MAIO,SEXTA-FEIRA,09,1
140475921,d1e8667df91c4daea6763620aaac80bf,28/12/2020,DEZEMBRO,SEGUNDA-FEIRA,17,1
48345440,74dfd7667b56499b95fc3b7ecaf33579,16/11/2020,NOVEMBRO,SEGUNDA-FEIRA,16,1
131769947,270a3d5a6141454b9326e73e207cb870,13/08/2020,AGOSTO,QUINTA-FEIRA,14,0
48157902,d04f76b9b5014464afd44cc3fb32be83,11/11/2020,NOVEMBRO,QUARTA-FEIRA,22,1
139322883,f84658b307b94f44afdd12a62ecf5524,03/12/2020,DEZEMBRO,QUINTA-FEIRA,15,1
133610959,de077c13fd83467ab2ddb1267a9f99ef,16/09/2020,SETEMBRO,QUARTA-FEIRA,13,1
117315417,ed91f9a6016e49f68dd99e38c41d8a71,06/02/2020,FEVEREIRO,QUINTA-FEIRA,15,1
134557911,dfa3a6a8c8354d829bdf5056588713b3,02/10/2020,OUTUBRO,SEXTA-FEIRA,09,1
47734850,49699183fea34998bebab46ffcc23eae,14/10/2020,OUTUBRO,QUARTA-FEIRA,13,1
123700293,6fe1f9dd46054decbc6dfa84dfa5f5c8,18/04/2020,ABRIL,SABADO,12,0
132063551,5c440e33b90b4705bb852da8e59844c5,19/08/2020,AGOSTO,QUARTA-FEIRA,16,0
48019054,730c63080e0e4473a8807c5d1363165b,02/11/2020,NOVEMBRO,SEGUNDA-FEIRA,20,1
137719691,96209be971804c04a1360732bc7b21f1,04/11/2020,NOVEMBRO,QUARTA-FEIRA,18,1
46118172,0bbd6cca66e949779a709ec0bb186c67,01/07/2020,JULHO,QUARTA-FEIRA,11,1
48384956,c9a9da11556d4fd8b52c29febb7e2e83,18/11/2020,NOVEMBRO,QUARTA-FEIRA,20,1
130262655,b031e00ca6454509b2197223836db49d,17/07/2020,JULHO,SEXTA-FEIRA,10,1
129401063,c451eee1eba24c5ea4d9b3c4f79cff9a,03/07/2020,JULHO,SEXTA-FEIRA,10,0
125327359,62e5244abf4345ac8a3b0a70caa59972,04/05/2020,MAIO,SEGUNDA-FEIRA,10,0
135067421,87adca903e4143edb420f433427bd636,12/10/2020,OUTUBRO,SEGUNDA-FEIRA,12,1
118795855,f04b82907d58474dac86d748087fbd95,26/02/2020,FEVEREIRO,QUARTA-FEIRA,17,1
136633441,87f01711fcff4c4cb39f862111d83189,16/10/2020,OUTUBRO,SEXTA-FEIRA,15,1
128657331,76e7529747ad4f03b60e2c1fb1ff6f59,24/06/2020,JUNHO,QUARTA-FEIRA,08,0
127296319,ba380fbc86a647bfbd2cd7df7db2f0de,01/06/2020,JUNHO,SEGUNDA-FEIRA,10,0
48618754,e29dad34c6254fc3a2639ff50e9db456,10/12/2020,DEZEMBRO,QUINTA-FEIRA,10,1
48567822,342f6adede604e2d87d640288455a86c,04/12/2020,DEZEMBRO,SEXTA-FEIRA,12,1
127302869,b0665056a0884f1b888dddd75974544d,01/06/2020,JUNHO,SEGUNDA-FEIRA,11,1
131740073,1bae60da83e842f6b19997e4800ddccb,13/08/2020,AGOSTO,QUINTA-FEIRA,09,1
128263221,9a02e3747f23406cb075c610bde7554e,18/06/2020,JUNHO,QUINTA-FEIRA,10,0
120616961,270043c950d640df8904ddd376a8c3de,24/03/2020,MARCO,TERCA-FEIRA,17,0
137677887,8eeacd1cf2c74f18b15c2c0b819f33eb,04/11/2020,NOVEMBRO,QUARTA-FEIRA,11,0
132070419,5201314d3f22452a83a61ac27e13c069,19/08/2020,AGOSTO,QUARTA-FEIRA,17,1
132791197,1645ee6b29c747ea973f891fecc560d4,02/09/2020,SETEMBRO,QUARTA-FEIRA,08,1
43342556,bf4bff21864f48c6ae50a46e49992e93,14/04/2020,ABRIL,TERCA-FEIRA,19,1
45528798,b41ceeb40da949169dce3e623c143f8f,16/06/2020,JUNHO,TERCA-FEIRA,11,1
139561873,0913fc9bad5a485f985e0eb8fa983d4b,09/12/2020,DEZEMBRO,QUARTA-FEIRA,11,1
125701443,2635f802d278433e88d882ef9607992c,08/05/2020,MAIO,SEXTA-FEIRA,09,0
138621263,49699183fea34998bebab46ffcc23eae,20/11/2020,NOVEMBRO,SEXTA-FEIRA,12,0
48423212,17d932e6fbb1454b92c48bad8b148806,22/11/2020,NOVEMBRO,DOMINGO,18,1
139177791,304acc1b8894498c82dd1092e7d86849,01/12/2020,DEZEMBRO,TERCA-FEIRA,15,1
119422945,5ba6e3dd1f39490bbea5ca26f50a79e2,06/03/2020,MARCO,SEXTA-FEIRA,14,0
48637858,69c6ca9c085943e0beeeb1f372795d5a,11/12/2020,DEZEMBRO,SEXTA-FEIRA,16,1
130105729,d8d08d7850134a1da0ca527e337b44b7,15/07/2020,JULHO,QUARTA-FEIRA,08,1
133571743,056d32ffaff0404abbf2d11981967360,15/09/2020,SETEMBRO,TERCA-FEIRA,19,1
46212868,cd5b18397b6b42188f4c22590c0feaae,07/07/2020,JULHO,TERCA-FEIRA,16,1
44544700,4af58c51a9874150922e795e04665cbf,06/05/2020,MAIO,QUARTA-FEIRA,14,1
124765983,5c440e33b90b4705bb852da8e59844c5,28/04/2020,ABRIL,TERCA-FEIRA,16,0
139023361,06f312db9e2f4076b1b4e15b4b8dd0c4,27/11/2020,NOVEMBRO,SEXTA-FEIRA,17,0
127622561,c451eee1eba24c5ea4d9b3c4f79cff9a,05/06/2020,JUNHO,SEXTA-FEIRA,10,0
48101232,496c5aa4dfa046b08997a38af345bd17,09/11/2020,NOVEMBRO,SEGUNDA-FEIRA,01,1
41546446,3cb62558262745918722a58ff3bee0d6,12/03/2020,MARCO,QUINTA-FEIRA,10,1
134674159,e352045f5686456493c15f7216fe56b2,05/10/2020,OUTUBRO,SEGUNDA-FEIRA,08,0
48795800,b9d8ea8021654c30a01f5bd266ac8eb0,23/12/2020,DEZEMBRO,QUARTA-FEIRA,10,1
121477039,4694534a1101482b927c45d08d44e4b0,01/04/2020,ABRIL,QUARTA-FEIRA,14,0
46420856,776871c9b81b4998aa63a04b0311977a,15/07/2020,JULHO,QUARTA-FEIRA,20,1
137038241,b32e03cb123d4d088c8c604e8725b953,23/10/2020,OUTUBRO,SEXTA-FEIRA,14,1
44158920,fc203b49141948f6978ee2ce9b20b60f,01/05/2020,MAIO,SEXTA-FEIRA,02,1
48158342,2b001b44991a419ca4ae440b3778f662,12/11/2020,NOVEMBRO,QUINTA-FEIRA,08,1
138493329,4a7becbbd1854746bd95b7a65a90426c,18/11/2020,NOVEMBRO,QUARTA-FEIRA,14,1
123553641,3617d2498c984ecab3932da030a0fcf5,16/04/2020,ABRIL,QUINTA-FEIRA,11,0
48805504,5fd28500df6d4a65aa0197fb545bdc19,24/12/2020,DEZEMBRO,QUINTA-FEIRA,08,1
124900435,a34292e443474c678501176be35bcac7,30/04/2020,ABRIL,QUINTA-FEIRA,11,0
138730609,5ba6e3dd1f39490bbea5ca26f50a79e2,23/11/2020,NOVEMBRO,SEGUNDA-FEIRA,12,1
45476360,6c3344cc7c0d4639b8b3df378ef7e30e,15/06/2020,JUNHO,SEGUNDA-FEIRA,14,1
138319595,094bd283cae74d91ac2ace7dc97801cd,16/11/2020,NOVEMBRO,SEGUNDA-FEIRA,09,1
139841415,f208c0a3e61e4dd58130cc2bdc5d83d8,14/12/2020,DEZEMBRO,SEGUNDA-FEIRA,15,1
128805699,256fbb9a30f74256ae6808e95a1b1501,25/06/2020,JUNHO,QUINTA-FEIRA,15,1
121660845,6fe1f9dd46054decbc6dfa84dfa5f5c8,02/04/2020,ABRIL,QUINTA-FEIRA,17,0
140298283,fc203b49141948f6978ee2ce9b20b60f,23/12/2020,DEZEMBRO,QUARTA-FEIRA,11,1
120390023,5545de7562fd4c6596b727eb9a8fd26f,23/03/2020,MARCO,SEGUNDA-FEIRA,09,0
44697014,d8d08d7850134a1da0ca527e337b44b7,13/05/2020,MAIO,QUARTA-FEIRA,11,1
119808751,78ceb86e84eb4f08825f5a057bf8f3c3,13/03/2020,MARCO,SEXTA-FEIRA,10,1
125514953,c831f4635aed47dc91d5d3808b7e6b89,05/05/2020,MAIO,TERCA-FEIRA,22,0
133117475,c27907e9c865428bae80c496822838ba,08/09/2020,SETEMBRO,TERCA-FEIRA,08,1
48715484,76e7529747ad4f03b60e2c1fb1ff6f59,16/12/2020,DEZEMBRO,QUARTA-FEIRA,15,1
44880916,6657241c0c5b4c48a049e86c34855bfc,21/05/2020,MAIO,QUINTA-FEIRA,14,1
137963825,0681439aedf04a848e6f01be93ed3849,09/11/2020,NOVEMBRO,SEGUNDA-FEIRA,16,1
138496117,ea112308d00446cd811c8ec5302d06fc,18/11/2020,NOVEMBRO,QUARTA-FEIRA,14,0
44829820,5dc4626baf9a467f95d9579c98d63524,19/05/2020,MAIO,TERCA-FEIRA,10,1
117969113,89d3c8f79257497e8488aeb2781ecebc,13/02/2020,FEVEREIRO,QUINTA-FEIRA,10,0
138632647,342f6adede604e2d87d640288455a86c,20/11/2020,NOVEMBRO,SEXTA-FEIRA,12,1
139496647,f22dbc0bd72a48f5ad0f69d2d7225c76,07/12/2020,DEZEMBRO,SEGUNDA-FEIRA,15,1
131646007,5520da44689f44ee9f1de0f3e6f9f2b8,11/08/2020,AGOSTO,TERCA-FEIRA,15,1
44100902,342f6adede604e2d87d640288455a86c,29/04/2020,ABRIL,QUARTA-FEIRA,12,1
139229033,a3dc2414ac7246b2a3f9dcfce4cd2ddd,02/12/2020,DEZEMBRO,QUARTA-FEIRA,14,0
125552933,78ceb86e84eb4f08825f5a057bf8f3c3,06/05/2020,MAIO,QUARTA-FEIRA,11,0
140085843,0db8638379a34d5e9b046b9963f81d4f,18/12/2020,DEZEMBRO,SEXTA-FEIRA,13,1
41691216,5ab4976fd0694663b84bef9f5a6f733c,20/03/2020,MARCO,SEXTA-FEIRA,15,1
138542377,04d31101375841d5b8d321c7ce2441cc,19/11/2020,NOVEMBRO,QUINTA-FEIRA,10,1
130800205,cd8b1e4377334ed198a37780f49fa2fe,27/07/2020,JULHO,SEGUNDA-FEIRA,18,0
131232957,270a3d5a6141454b9326e73e207cb870,04/08/2020,AGOSTO,TERCA-FEIRA,08,0
136999547,7f6e4953056043dc8b03890944b4cd43,23/10/2020,OUTUBRO,SEXTA-FEIRA,09,1
43384824,107c40186ad0458c974ea02e6681a665,16/04/2020,ABRIL,QUINTA-FEIRA,13,1
45361904,71815fb3e8cf4cb5ae1348afdf9151f0,12/06/2020,JUNHO,SEXTA-FEIRA,10,1
128695849,629a8d7bdeb74f25a3a0ba842406b29b,24/06/2020,JUNHO,QUARTA-FEIRA,13,1
132481123,64b2cf522c634d87ab3f317acb44caf1,27/08/2020,AGOSTO,QUINTA-FEIRA,12,1
138763497,3435dafdbf794ba3be149ca97a07a160,23/11/2020,NOVEMBRO,SEGUNDA-FEIRA,18,1
137576631,226f632dd8754fc6b99594cc6b1fcb0a,02/11/2020,NOVEMBRO,SEGUNDA-FEIRA,18,1
47826296,26707cdbc7834971bbd7489cfad78632,20/10/2020,OUTUBRO,TERCA-FEIRA,15,1
127320813,ff08e42ff9e84014a1c7abd1486d7ac8,01/06/2020,JUNHO,SEGUNDA-FEIRA,13,1
119783361,270043c950d640df8904ddd376a8c3de,12/03/2020,MARCO,QUINTA-FEIRA,18,0
138780949,595f293a11a848cfbc6eaf0474b5e7d2,24/11/2020,NOVEMBRO,TERCA-FEIRA,10,1
48503284,8efc04f56c574d45a5bc76528dce7508,28/11/2020,NOVEMBRO,SABADO,14,1
48318866,30b73979f70541d6857e2f86872adfed,14/11/2020,NOVEMBRO,SABADO,22,1
41636958,107c40186ad0458c974ea02e6681a665,18/03/2020,MARCO,QUARTA-FEIRA,19,1
44832802,fe92248729c44f448481c5780127e6d1,19/05/2020,MAIO,TERCA-FEIRA,11,1
130168107,256fbb9a30f74256ae6808e95a1b1501,16/07/2020,JULHO,QUINTA-FEIRA,08,0
121429059,49699183fea34998bebab46ffcc23eae,01/04/2020,ABRIL,QUARTA-FEIRA,11,0
48546108,fb114299962d473d9bfc57487e25eda3,02/12/2020,DEZEMBRO,QUARTA-FEIRA,21,1
139209429,aaebb79a00484e24a32a2f9bfa57ea72,02/12/2020,DEZEMBRO,QUARTA-FEIRA,11,1
48786080,fb70efff2a024ed9801936e1fd41a257,22/12/2020,DEZEMBRO,TERCA-FEIRA,13,1
47662480,d6d15f0a48b04683bd06c60526e9f0c1,08/10/2020,OUTUBRO,QUINTA-FEIRA,18,1
137891123,8532f1f42f7d4c4299b3971d6931a2d7,08/11/2020,NOVEMBRO,DOMINGO,13,0
136502309,776b3cb9d8144952bd4f4d20321b3745,14/10/2020,OUTUBRO,QUARTA-FEIRA,14,0
48418176,983206a77e814bd390cf699f90da0125,21/11/2020,NOVEMBRO,SABADO,18,1
130771155,270a3d5a6141454b9326e73e207cb870,27/07/2020,JULHO,SEGUNDA-FEIRA,13,1
137745825,f020611dd5234853859ae78912fd8c76,05/11/2020,NOVEMBRO,QUINTA-FEIRA,12,0
138080381,50c93567854d4a70b1dba545dc825ba6,11/11/2020,NOVEMBRO,QUARTA-FEIRA,14,1
137555361,d8d08d7850134a1da0ca527e337b44b7,02/11/2020,NOVEMBRO,SEGUNDA-FEIRA,15,0
48344258,0416967d360143d6b092f6e122f1b98a,16/11/2020,NOVEMBRO,SEGUNDA-FEIRA,17,1
124648283,e82e922fff884644b082249aeb56557b,27/04/2020,ABRIL,SEGUNDA-FEIRA,13,0
47491780,d6d15f0a48b04683bd06c60526e9f0c1,26/09/2020,SETEMBRO,SABADO,08,1
41076322,730c63080e0e4473a8807c5d1363165b,12/02/2020,FEVEREIRO,QUARTA-FEIRA,21,1
41759490,1437e2bb87524a91b6e55dc4ef694937,24/03/2020,MARCO,TERCA-FEIRA,10,1
47561244,abbafced7cde4634ade4de593e527f3e,01/10/2020,OUTUBRO,QUINTA-FEIRA,14,1
139285863,5c2d686d79474843bb41b51d4da5c7f5,03/12/2020,DEZEMBRO,QUINTA-FEIRA,10,0
44500042,abafdf30819f40adab902db22f92e5c2,05/05/2020,MAIO,TERCA-FEIRA,14,1
47921054,4694534a1101482b927c45d08d44e4b0,26/10/2020,OUTUBRO,SEGUNDA-FEIRA,19,1
137697279,86bc0a74ac0847a9b66a15227a9a4a66,04/11/2020,NOVEMBRO,QUARTA-FEIRA,15,1
137759397,d8e8d6d11315455299baa6c3a5b0da64,05/11/2020,NOVEMBRO,QUINTA-FEIRA,14,1
45551344,0688dba18bbc4e9ab8cbf2c92703659b,16/06/2020,JUNHO,TERCA-FEIRA,18,1
132037817,40e217f44f1a412b83ee8ace2a508565,19/08/2020,AGOSTO,QUARTA-FEIRA,12,1
128877839,1ca382fb705349feac5a7004d95cc658,26/06/2020,JUNHO,SEXTA-FEIRA,12,1
47930566,9b463849eb7443f0b40b71382673a34c,27/10/2020,OUTUBRO,TERCA-FEIRA,12,1
126489233,5752221717994b2dada61786c6e4a372,19/05/2020,MAIO,TERCA-FEIRA,14,0
134865397,4d87c231784044ec8cfa3289d72664cc,08/10/2020,OUTUBRO,QUINTA-FEIRA,08,1
48706040,76e7529747ad4f03b60e2c1fb1ff6f59,16/12/2020,DEZEMBRO,QUARTA-FEIRA,09,1
130572701,bff29362da514dbe82cca218fe0e9176,23/07/2020,JULHO,QUINTA-FEIRA,06,1
132482783,15155fa725f048b3a4c6b3b10a7aa733,27/08/2020,AGOSTO,QUINTA-FEIRA,12,1
48773326,62501d6fea8641feaec8c1f766c7dbb5,21/12/2020,DEZEMBRO,SEGUNDA-FEIRA,15,1
47823094,525f589ca6b04b878773dc0355ce5232,20/10/2020,OUTUBRO,TERCA-FEIRA,14,1
125797511,226f632dd8754fc6b99594cc6b1fcb0a,09/05/2020,MAIO,SABADO,14,0
48154784,17d932e6fbb1454b92c48bad8b148806,11/11/2020,NOVEMBRO,QUARTA-FEIRA,19,1
139394761,ac8fa2a948c14e1b88e038737165ad82,04/12/2020,DEZEMBRO,SEXTA-FEIRA,16,1
130894419,4af047e372a34fb4bdccd6b4eea23241,29/07/2020,JULHO,QUARTA-FEIRA,10,1
41091904,bf4bff21864f48c6ae50a46e49992e93,13/02/2020,FEVEREIRO,QUINTA-FEIRA,17,1
119421191,cb3428bd8eed46819ef6f329a9c947d7,06/03/2020,MARCO,SEXTA-FEIRA,14,0
140502637,27141cd32ba74d769b11c7f85c24f5f5,29/12/2020,DEZEMBRO,TERCA-FEIRA,10,1
48343882,b9d8ea8021654c30a01f5bd266ac8eb0,16/11/2020,NOVEMBRO,SEGUNDA-FEIRA,16,1
139353651,e2db970a519741d7a8b6455dcfb93357,04/12/2020,DEZEMBRO,SEXTA-FEIRA,10,0
126931957,bf4bff21864f48c6ae50a46e49992e93,26/05/2020,MAIO,TERCA-FEIRA,08,0
121860267,38841307eb5f4102b0ac6902e0d35fda,05/04/2020,ABRIL,DOMINGO,13,0
126549931,3987276fa51f4807b4fff471c9068377,20/05/2020,MAIO,QUARTA-FEIRA,10,1
125644709,4af58c51a9874150922e795e04665cbf,07/05/2020,MAIO,QUINTA-FEIRA,12,0
48587496,50c93567854d4a70b1dba545dc825ba6,07/12/2020,DEZEMBRO,SEGUNDA-FEIRA,11,1
139720019,3058cabb35f64e7592aaf19daf615fd6,11/12/2020,DEZEMBRO,SEXTA-FEIRA,14,1
125776785,776b3cb9d8144952bd4f4d20321b3745,08/05/2020,MAIO,SEXTA-FEIRA,18,1
140421665,044b76f5b5594ab1ac5c51bee7f4fba0,28/12/2020,DEZEMBRO,SEGUNDA-FEIRA,09,0
134710395,78ceb86e84eb4f08825f5a057bf8f3c3,06/10/2020,OUTUBRO,TERCA-FEIRA,09,0
134767155,d02b3f88a772486385642416b78714cc,06/10/2020,OUTUBRO,TERCA-FEIRA,16,1
138939349,c4a2f69f8c2e40a29bca3d95ac3ba316,26/11/2020,NOVEMBRO,QUINTA-FEIRA,15,1
130868567,67eb8d7841c043cfbc0895ea36b9fa17,28/07/2020,JULHO,TERCA-FEIRA,17,1
139935741,c67e143369ac422697907254d4377c10,16/12/2020,DEZEMBRO,QUARTA-FEIRA,09,1
41240816,6cc58a2625d84165a69aca9f349cb97b,23/02/2020,FEVEREIRO,DOMINGO,14,1
125286911,67eb8d7841c043cfbc0895ea36b9fa17,03/05/2020,MAIO,DOMINGO,10,0
117088637,1da55d838b2944169f4f1e45683ccf53,05/02/2020,FEVEREIRO,QUARTA-FEIRA,11,1
130378297,ad02d20c1cf640b0b37e8c748bb338c1,20/07/2020,JULHO,SEGUNDA-FEIRA,12,0
117743617,cd8b1e4377334ed198a37780f49fa2fe,10/02/2020,FEVEREIRO,SEGUNDA-FEIRA,17,1
137617245,b608617d1ac44c3884165e99c0781d9f,03/11/2020,NOVEMBRO,TERCA-FEIRA,14,0
138847813,38d33a3ce7c040349753cad4973fd7db,25/11/2020,NOVEMBRO,QUARTA-FEIRA,10,1
41151118,db38d20b198743e186a35890d6b640f3,18/02/2020,FEVEREIRO,TERCA-FEIRA,11,1
137160297,cd8b1e4377334ed198a37780f49fa2fe,26/10/2020,OUTUBRO,SEGUNDA-FEIRA,14,0
127357627,46e0d2107efb42cbae028f6e0540ed4f,01/06/2020,JUNHO,SEGUNDA-FEIRA,21,1
47610416,7fbebe963cd04dfc94873434fca40f36,06/10/2020,OUTUBRO,TERCA-FEIRA,11,1
134265253,d6d15f0a48b04683bd06c60526e9f0c1,28/09/2020,SETEMBRO,SEGUNDA-FEIRA,10,0
134255017,d6d15f0a48b04683bd06c60526e9f0c1,28/09/2020,SETEMBRO,SEGUNDA-FEIRA,09,0
48723534,aece8b84c55a466c8ce1dcc30747291c,16/12/2020,DEZEMBRO,QUARTA-FEIRA,23,1
120852153,3987276fa51f4807b4fff471c9068377,26/03/2020,MARCO,QUINTA-FEIRA,17,1
124588563,f3abb56d31e4442b8e12eabad9b79a89,27/04/2020,ABRIL,SEGUNDA-FEIRA,09,0
48707008,36e50d4331c844bb9ddedde726b7cafc,16/12/2020,DEZEMBRO,QUARTA-FEIRA,11,1
124833243,9a02e3747f23406cb075c610bde7554e,29/04/2020,ABRIL,QUARTA-FEIRA,12,0
46823588,d543ecc6d8c94c3b98769687cbc6e1b5,24/08/2020,AGOSTO,SEGUNDA-FEIRA,14,1
134500491,826e23c35be2453f91f4fcb2e718f3a0,01/10/2020,OUTUBRO,QUINTA-FEIRA,11,1
129704087,8068a9024b5143a5a3153c7af9a22e55,08/07/2020,JULHO,QUARTA-FEIRA,12,1
130169583,256fbb9a30f74256ae6808e95a1b1501,16/07/2020,JULHO,QUINTA-FEIRA,08,1
48340460,750730082872454a8fbe6b74eac2f2c1,16/11/2020,NOVEMBRO,SEGUNDA-FEIRA,14,1
47283674,4858668d70e64543bc5c183b6217753b,16/09/2020,SETEMBRO,QUARTA-FEIRA,12,1
48542946,f8ac210d18b64fd183d178e02916a600,02/12/2020,DEZEMBRO,QUARTA-FEIRA,17,1
47557838,d3ba89973f5c4778bbdc6a8e408715d5,01/10/2020,OUTUBRO,QUINTA-FEIRA,12,1
47256234,cb949bcaa5f34e4fbba989caae0ab3ca,15/09/2020,SETEMBRO,TERCA-FEIRA,11,1
127949747,24ea23283533434bb6055b1e9117dde4,12/06/2020,JUNHO,SEXTA-FEIRA,13,1
125526767,60ed128f63d741e69ac55060fc5e95a2,06/05/2020,MAIO,QUARTA-FEIRA,08,1
136671491,056d32ffaff0404abbf2d11981967360,18/10/2020,OUTUBRO,DOMINGO,13,1
130301255,67eb8d7841c043cfbc0895ea36b9fa17,17/07/2020,JULHO,SEXTA-FEIRA,18,0
140266309,b011e1701116498abf36c25e4affd4a3,22/12/2020,DEZEMBRO,TERCA-FEIRA,16,1
140167045,46e0d2107efb42cbae028f6e0540ed4f,21/12/2020,DEZEMBRO,SEGUNDA-FEIRA,09,1
48557676,342f6adede604e2d87d640288455a86c,03/12/2020,DEZEMBRO,QUINTA-FEIRA,15,1
41746338,d015b7766a724f489a3d970fd65d9dbf,23/03/2020,MARCO,SEGUNDA-FEIRA,18,1
138744501,98099033f9f64b82be7620182e42f39e,23/11/2020,NOVEMBRO,SEGUNDA-FEIRA,14,1
127362631,5201314d3f22452a83a61ac27e13c069,02/06/2020,JUNHO,TERCA-FEIRA,04,0
137766159,90d171e6e40e49fab2c8de1c89fb1ad1,05/11/2020,NOVEMBRO,QUINTA-FEIRA,15,0
41733168,df0da1fd1fa54a40acb6648bbf3749a7,23/03/2020,MARCO,SEGUNDA-FEIRA,15,1
117835257,cd8b1e4377334ed198a37780f49fa2fe,11/02/2020,FEVEREIRO,TERCA-FEIRA,16,0
130825269,256fbb9a30f74256ae6808e95a1b1501,28/07/2020,JULHO,TERCA-FEIRA,10,1
48813760,533a81b2db14429ca059cef18b7bb56e,26/12/2020,DEZEMBRO,SABADO,22,1
140209351,67b407d35549464492c3ab215d946c3d,21/12/2020,DEZEMBRO,SEGUNDA-FEIRA,16,1
140241193,ff4fd642886f46469fc7b6c8ab745239,22/12/2020,DEZEMBRO,TERCA-FEIRA,11,0
47943026,d8d08d7850134a1da0ca527e337b44b7,28/10/2020,OUTUBRO,QUARTA-FEIRA,10,1
47356130,4694534a1101482b927c45d08d44e4b0,20/09/2020,SETEMBRO,DOMINGO,21,1
132567343,4694534a1101482b927c45d08d44e4b0,28/08/2020,AGOSTO,SEXTA-FEIRA,14,1
140529431,3435dafdbf794ba3be149ca97a07a160,29/12/2020,DEZEMBRO,TERCA-FEIRA,13,1
140113701,226f632dd8754fc6b99594cc6b1fcb0a,18/12/2020,DEZEMBRO,SEXTA-FEIRA,17,1
46597432,4694534a1101482b927c45d08d44e4b0,03/08/2020,AGOSTO,SEGUNDA-FEIRA,19,1
138912213,dea3e4e1796d45cdaf9e4262aab54865,26/11/2020,NOVEMBRO,QUINTA-FEIRA,10,0
138935121,f144787cc89a4fab9bececcedf5d5595,26/11/2020,NOVEMBRO,QUINTA-FEIRA,14,1
48345996,3853af31e4c04c6889442c83ff443cd7,16/11/2020,NOVEMBRO,SEGUNDA-FEIRA,17,1
138800245,dd63273b339f4d22aecadacfdce6348e,24/11/2020,NOVEMBRO,TERCA-FEIRA,13,1
138212471,ea112308d00446cd811c8ec5302d06fc,13/11/2020,NOVEMBRO,SEXTA-FEIRA,14,0
138889519,58a89a0d1b554a6e81a7d7639797bcfe,25/11/2020,NOVEMBRO,QUARTA-FEIRA,17,0
47708458,342f6adede604e2d87d640288455a86c,12/10/2020,OUTUBRO,SEGUNDA-FEIRA,13,1
117454901,783ae4f1e6664972b8f9a08342b10397,07/02/2020,FEVEREIRO,SEXTA-FEIRA,16,1
131950949,e43408e0cde14bb0a8fc10be69cb95d4,18/08/2020,AGOSTO,TERCA-FEIRA,08,1
131792657,3a78c487bea845b08dfbfe607c308367,14/08/2020,AGOSTO,SEXTA-FEIRA,08,1
137198769,1c4dfc62745b430e8e5584632d6ed959,27/10/2020,OUTUBRO,TERCA-FEIRA,11,1
48514306,f144787cc89a4fab9bececcedf5d5595,30/11/2020,NOVEMBRO,SEGUNDA-FEIRA,12,1
134962987,73eaf2f4bab2436e9466d07571c68764,09/10/2020,OUTUBRO,SEXTA-FEIRA,13,1
133375417,6e74b6fb77aa4b8fbeb94812354cc68e,11/09/2020,SETEMBRO,SEXTA-FEIRA,14,1
119340409,2ae532f9b03944229f9eeaf61f0a89c9,05/03/2020,MARCO,QUINTA-FEIRA,10,0
128964645,cd8b1e4377334ed198a37780f49fa2fe,28/06/2020,JUNHO,DOMINGO,13,0
133717119,49699183fea34998bebab46ffcc23eae,18/09/2020,SETEMBRO,SEXTA-FEIRA,10,0
122797987,572e26e41f8c4c38a882c7bf9c027ebf,13/04/2020,ABRIL,SEGUNDA-FEIRA,09,0
123251935,226f632dd8754fc6b99594cc6b1fcb0a,14/04/2020,ABRIL,TERCA-FEIRA,09,1
138352435,750730082872454a8fbe6b74eac2f2c1,16/11/2020,NOVEMBRO,SEGUNDA-FEIRA,14,0
123579815,58b673cb07074f9e9fe710e6e0682d8b,16/04/2020,ABRIL,QUINTA-FEIRA,14,0
140011303,6849fe25a3224da4afc80248c6bcd5e9,17/12/2020,DEZEMBRO,QUINTA-FEIRA,12,1
138352023,6803789f6a064de09aa4514aa9ad9238,16/11/2020,NOVEMBRO,SEGUNDA-FEIRA,13,1
47619666,73eaf2f4bab2436e9466d07571c68764,06/10/2020,OUTUBRO,TERCA-FEIRA,15,1
46586778,3987276fa51f4807b4fff471c9068377,03/08/2020,AGOSTO,SEGUNDA-FEIRA,11,1
127169895,76e7529747ad4f03b60e2c1fb1ff6f59,29/05/2020,MAIO,SEXTA-FEIRA,07,0
124930119,c4abac3d07954e3ba8e0bed46a093311,30/04/2020,ABRIL,QUINTA-FEIRA,14,0
124129219,59fc44b7a1f6493fbb957d92edc3a7f9,24/04/2020,ABRIL,SEXTA-FEIRA,17,1
121806569,efdbd5af90434276b90480399db5c8a9,03/04/2020,ABRIL,SEXTA-FEIRA,18,0
43478660,e5db3c978eab4bbba0c9e7a09596d77f,21/04/2020,ABRIL,TERCA-FEIRA,11,1
123702069,6fe1f9dd46054decbc6dfa84dfa5f5c8,18/04/2020,ABRIL,SABADO,12,0
131691939,fe92248729c44f448481c5780127e6d1,12/08/2020,AGOSTO,QUARTA-FEIRA,12,0
47719192,2a850a31e8ba40229bf6d990379cc915,12/10/2020,OUTUBRO,SEGUNDA-FEIRA,22,1
138481747,fecc0b4a8ab8479cb73bb206d18e10c3,18/11/2020,NOVEMBRO,QUARTA-FEIRA,12,1
132897351,342f6adede604e2d87d640288455a86c,03/09/2020,SETEMBRO,QUINTA-FEIRA,13,0
134929215,cd8b1e4377334ed198a37780f49fa2fe,08/10/2020,OUTUBRO,QUINTA-FEIRA,20,0
138735015,dd89550266ce412b83c41347b2fd66f3,23/11/2020,NOVEMBRO,SEGUNDA-FEIRA,12,1
127069699,0aa9e4852ad14d0384b7cde5d6dcdb6d,27/05/2020,MAIO,QUARTA-FEIRA,16,0
45172808,5ab4976fd0694663b84bef9f5a6f733c,01/06/2020,JUNHO,SEGUNDA-FEIRA,18,1
46632180,cd5b18397b6b42188f4c22590c0feaae,06/08/2020,AGOSTO,QUINTA-FEIRA,13,1
137013907,abbafced7cde4634ade4de593e527f3e,23/10/2020,OUTUBRO,SEXTA-FEIRA,10,1
139572723,939231f725a1408c9afec87aa7419f6f,09/12/2020,DEZEMBRO,QUARTA-FEIRA,12,1
40549222,59fc44b7a1f6493fbb957d92edc3a7f9,06/02/2020,FEVEREIRO,QUINTA-FEIRA,10,1
48028378,97c6a29dba404f14b69587ce9070f5ea,03/11/2020,NOVEMBRO,TERCA-FEIRA,12,1
131709523,5c440e33b90b4705bb852da8e59844c5,12/08/2020,AGOSTO,QUARTA-FEIRA,15,0
130963937,73cf73d79a604ff8846a12e65a39d90b,30/07/2020,JULHO,QUINTA-FEIRA,09,0
138211925,f44488221cb942b2a82dcf745ef411c8,13/11/2020,NOVEMBRO,SEXTA-FEIRA,14,1
137683111,044b66daadb84aaf837dc5f3799571a4,04/11/2020,NOVEMBRO,QUARTA-FEIRA,12,1
137907437,bc424f7062ca42df81c40bcc8205f48b,09/11/2020,NOVEMBRO,SEGUNDA-FEIRA,09,0
47307666,37aa99081e3e428dbd01f9ca4ae9ea4d,17/09/2020,SETEMBRO,QUINTA-FEIRA,15,1
43395580,24ea23283533434bb6055b1e9117dde4,16/04/2020,ABRIL,QUINTA-FEIRA,21,1
41319678,1fc2057fc26043e6870d4e791d87ed09,28/02/2020,FEVEREIRO,SEXTA-FEIRA,09,1
132546057,b7f6105b96544ffda9183cc5c5d920d2,28/08/2020,AGOSTO,SEXTA-FEIRA,11,1
42075302,a7cdd96c4cf24d4a8685eeed1785167b,04/04/2020,ABRIL,SABADO,11,1
48560804,50c93567854d4a70b1dba545dc825ba6,03/12/2020,DEZEMBRO,QUINTA-FEIRA,20,1
45163356,ba380fbc86a647bfbd2cd7df7db2f0de,01/06/2020,JUNHO,SEGUNDA-FEIRA,11,1
42901228,2f3aa6f07bc74c2886139fea52c6b3d3,13/04/2020,ABRIL,SEGUNDA-FEIRA,11,1
48350244,73cfb0eb9a4d4d59a181feaedc4a52a3,17/11/2020,NOVEMBRO,TERCA-FEIRA,09,1
124658561,9aa5025024934cf3abd809c6f812d48d,27/04/2020,ABRIL,SEGUNDA-FEIRA,14,1
130961831,6b1bc926baf34b37ad9b2030a197ae03,30/07/2020,JULHO,QUINTA-FEIRA,08,0
138492891,4a7becbbd1854746bd95b7a65a90426c,18/11/2020,NOVEMBRO,QUARTA-FEIRA,14,1
134761207,9e6132b59807445f93836150d6c89b55,06/10/2020,OUTUBRO,TERCA-FEIRA,15,1
46234524,c1f6cb6af1f044318cea69e551be320b,08/07/2020,JULHO,QUARTA-FEIRA,16,1
44752262,6844c3514dc54f04a47ef4f6a9f2e8ab,15/05/2020,MAIO,SEXTA-FEIRA,16,1
128964579,f3abb56d31e4442b8e12eabad9b79a89,28/06/2020,JUNHO,DOMINGO,13,1
48564458,2dc95bdbfca44f30841fbaf8164ec946,04/12/2020,DEZEMBRO,SEXTA-FEIRA,10,1
118151071,342f6adede604e2d87d640288455a86c,17/02/2020,FEVEREIRO,SEGUNDA-FEIRA,09,1
44091524,6fe1f9dd46054decbc6dfa84dfa5f5c8,29/04/2020,ABRIL,QUARTA-FEIRA,07,1
43384860,107c40186ad0458c974ea02e6681a665,16/04/2020,ABRIL,QUINTA-FEIRA,13,1
44744964,270a3d5a6141454b9326e73e207cb870,15/05/2020,MAIO,SEXTA-FEIRA,14,1
137736125,efdbd5af90434276b90480399db5c8a9,05/11/2020,NOVEMBRO,QUINTA-FEIRA,10,1
48090306,42d1cb59ef354394bb17795f82679f15,07/11/2020,NOVEMBRO,SABADO,12,1
120472061,95b00d20994a4ca9ab776610edc52d78,23/03/2020,MARCO,SEGUNDA-FEIRA,15,0
122313705,593dd4c5c4184e7ebc96fbad051d6bc6,08/04/2020,ABRIL,QUARTA-FEIRA,16,1
138491541,67eb8d7841c043cfbc0895ea36b9fa17,18/11/2020,NOVEMBRO,QUARTA-FEIRA,14,0
121144029,191148ff29c64629b1edf90bfb721256,30/03/2020,MARCO,SEGUNDA-FEIRA,13,1
138580045,d02b3f88a772486385642416b78714cc,19/11/2020,NOVEMBRO,QUINTA-FEIRA,16,1
127821699,c451eee1eba24c5ea4d9b3c4f79cff9a,09/06/2020,JUNHO,TERCA-FEIRA,12,0
118824325,f04b82907d58474dac86d748087fbd95,27/02/2020,FEVEREIRO,QUINTA-FEIRA,09,0
47164404,78ceb86e84eb4f08825f5a057bf8f3c3,09/09/2020,SETEMBRO,QUARTA-FEIRA,15,1
47591636,01d0b30a002a40a696d12f361077fb92,03/10/2020,OUTUBRO,SABADO,20,1
137754347,6df82c91d297469a834a0b4cff107e6f,05/11/2020,NOVEMBRO,QUINTA-FEIRA,13,0
131159329,191148ff29c64629b1edf90bfb721256,03/08/2020,AGOSTO,SEGUNDA-FEIRA,10,1
130450825,6657241c0c5b4c48a049e86c34855bfc,21/07/2020,JULHO,TERCA-FEIRA,12,1
43559600,224b304199ed4c35b74e09a367e4a38c,24/04/2020,ABRIL,SEXTA-FEIRA,16,1
133453485,e29dad34c6254fc3a2639ff50e9db456,14/09/2020,SETEMBRO,SEGUNDA-FEIRA,09,1
47646416,d3ba89973f5c4778bbdc6a8e408715d5,07/10/2020,OUTUBRO,QUARTA-FEIRA,23,1
136834553,40897170c9d547c583fbbf0492cc78df,21/10/2020,OUTUBRO,QUARTA-FEIRA,08,1
132036659,40e217f44f1a412b83ee8ace2a508565,19/08/2020,AGOSTO,QUARTA-FEIRA,11,1
123802207,4d87c231784044ec8cfa3289d72664cc,20/04/2020,ABRIL,SEGUNDA-FEIRA,15,0
118265773,7a6d3a80208d4d2ab22959b6a68663dc,18/02/2020,FEVEREIRO,TERCA-FEIRA,12,1
136636105,87f01711fcff4c4cb39f862111d83189,16/10/2020,OUTUBRO,SEXTA-FEIRA,15,1
40921204,6195b34a3f7846ec8d30698b3001a35b,09/02/2020,FEVEREIRO,DOMINGO,21,1
41671702,191148ff29c64629b1edf90bfb721256,19/03/2020,MARCO,QUINTA-FEIRA,18,1
139244445,56daf308a56a40f598c9a8f98342e0c8,02/12/2020,DEZEMBRO,QUARTA-FEIRA,15,1
139842109,770c078e882449b69674a57557d0dad9,14/12/2020,DEZEMBRO,SEGUNDA-FEIRA,16,1
137935065,3c97e5fb8cc7445fa09cc0fa4231a320,09/11/2020,NOVEMBRO,SEGUNDA-FEIRA,12,1
44798696,90f974e257e049fba64be79d25b2bb41,18/05/2020,MAIO,SEGUNDA-FEIRA,11,1
120631033,1ca382fb705349feac5a7004d95cc658,24/03/2020,MARCO,TERCA-FEIRA,19,0
137430297,d8d08d7850134a1da0ca527e337b44b7,30/10/2020,OUTUBRO,SEXTA-FEIRA,15,0
134376227,84e4de8dda4f4909b0d7890554e6394b,29/09/2020,SETEMBRO,TERCA-FEIRA,15,0
134774337,3a78c487bea845b08dfbfe607c308367,06/10/2020,OUTUBRO,TERCA-FEIRA,17,1
128901527,df26329e99ae47d7a1b3ff74d6396d9a,26/06/2020,JUNHO,SEXTA-FEIRA,15,1
47831728,7f6e4953056043dc8b03890944b4cd43,20/10/2020,OUTUBRO,TERCA-FEIRA,17,1
133114421,7443a9ce923f4ad894106deb9a856065,08/09/2020,SETEMBRO,TERCA-FEIRA,08,1
44467012,776871c9b81b4998aa63a04b0311977a,04/05/2020,MAIO,SEGUNDA-FEIRA,15,1
136900201,50c93567854d4a70b1dba545dc825ba6,21/10/2020,OUTUBRO,QUARTA-FEIRA,17,1
137603507,3431ced3923c47f48feee79266a113f8,03/11/2020,NOVEMBRO,TERCA-FEIRA,12,0
119579243,4d37973b9cc44d4cace26e4a73ccca73,10/03/2020,MARCO,TERCA-FEIRA,11,1
137312001,60ed128f63d741e69ac55060fc5e95a2,29/10/2020,OUTUBRO,QUINTA-FEIRA,08,0
46190442,776871c9b81b4998aa63a04b0311977a,06/07/2020,JULHO,SEGUNDA-FEIRA,12,1
137421865,13f50698b9244dc29dcf0b7b0320b15d,30/10/2020,OUTUBRO,SEXTA-FEIRA,14,1
140003877,e29dad34c6254fc3a2639ff50e9db456,17/12/2020,DEZEMBRO,QUINTA-FEIRA,10,1
139001379,7e39106637724cc7a622eb940acec193,27/11/2020,NOVEMBRO,SEXTA-FEIRA,13,0
121648335,15981485c0ea4780b8d28454f214b24d,02/04/2020,ABRIL,QUINTA-FEIRA,15,1
48060468,6acbd140cb63435fb203607188a3b2f3,05/11/2020,NOVEMBRO,QUINTA-FEIRA,11,1
132958529,b0a797ed6c39419d9cba96f6e6fb04bf,04/09/2020,SETEMBRO,SEXTA-FEIRA,12,0
46231664,6c4e77603cc248569d5a10c2c5ef9a28,08/07/2020,JULHO,QUARTA-FEIRA,12,1
41756634,fc203b49141948f6978ee2ce9b20b60f,24/03/2020,MARCO,TERCA-FEIRA,10,1
134297335,25817d9f4ca24430bcbf1ecd621f7da6,28/09/2020,SETEMBRO,SEGUNDA-FEIRA,13,0
48475368,2153ffa2529149ab84b30789694996ad,26/11/2020,NOVEMBRO,QUINTA-FEIRA,12,1
41494722,342f6adede604e2d87d640288455a86c,10/03/2020,MARCO,TERCA-FEIRA,21,1
138713571,f144787cc89a4fab9bececcedf5d5595,23/11/2020,NOVEMBRO,SEGUNDA-FEIRA,09,1
134906217,73eaf2f4bab2436e9466d07571c68764,08/10/2020,OUTUBRO,QUINTA-FEIRA,15,0
48329854,17d932e6fbb1454b92c48bad8b148806,16/11/2020,NOVEMBRO,SEGUNDA-FEIRA,10,1
138394905,6fe1f9dd46054decbc6dfa84dfa5f5c8,17/11/2020,NOVEMBRO,TERCA-FEIRA,10,1
133448459,4d37973b9cc44d4cace26e4a73ccca73,14/09/2020,SETEMBRO,SEGUNDA-FEIRA,07,0
137821627,0d660031c7844eec97bc8c99c071c50e,06/11/2020,NOVEMBRO,SEXTA-FEIRA,14,1
137912051,bc424f7062ca42df81c40bcc8205f48b,09/11/2020,NOVEMBRO,SEGUNDA-FEIRA,09,0
47204282,b6442741752444f29d01b3ed12371807,11/09/2020,SETEMBRO,SEXTA-FEIRA,14,1
139820651,a79682378e474d7fa5a481fd20253b46,14/12/2020,DEZEMBRO,SEGUNDA-FEIRA,12,0
139846701,b031e00ca6454509b2197223836db49d,14/12/2020,DEZEMBRO,SEGUNDA-FEIRA,16,0
48524742,5564e0d79b6141888be891dce9509321,01/12/2020,DEZEMBRO,TERCA-FEIRA,10,1
139963439,b376532354a941bd84d1ae4bc765d0b3,16/12/2020,DEZEMBRO,QUARTA-FEIRA,14,0
45235632,c451eee1eba24c5ea4d9b3c4f79cff9a,04/06/2020,JUNHO,QUINTA-FEIRA,10,1
138846291,8afdd9016535426fb83249035d5d0c2f,25/11/2020,NOVEMBRO,QUARTA-FEIRA,10,1
134804507,23723b5ae2b04710a45930c4fcb6458b,07/10/2020,OUTUBRO,QUARTA-FEIRA,10,1
133154969,df0da1fd1fa54a40acb6648bbf3749a7,08/09/2020,SETEMBRO,TERCA-FEIRA,14,1
119835497,6de2b616ee124331b828d516ee54164d,13/03/2020,MARCO,SEXTA-FEIRA,14,1
137746757,ce4b57d989544c38bdd8ec08aa01fe6c,05/11/2020,NOVEMBRO,QUINTA-FEIRA,12,0
128847969,42d1cb59ef354394bb17795f82679f15,26/06/2020,JUNHO,SEXTA-FEIRA,08,1
116256069,342f6adede604e2d87d640288455a86c,28/01/2020,JANEIRO,TERCA-FEIRA,11,0
131193853,d6d15f0a48b04683bd06c60526e9f0c1,03/08/2020,AGOSTO,SEGUNDA-FEIRA,13,1
46901904,b031e00ca6454509b2197223836db49d,28/08/2020,AGOSTO,SEXTA-FEIRA,16,1
140295715,5ab4976fd0694663b84bef9f5a6f733c,23/12/2020,DEZEMBRO,QUARTA-FEIRA,10,1
138656233,50032aad4013433fb4406440a59efc98,20/11/2020,NOVEMBRO,SEXTA-FEIRA,17,1
118829603,2ae532f9b03944229f9eeaf61f0a89c9,27/02/2020,FEVEREIRO,QUINTA-FEIRA,10,1
48732580,cdb1d5e1f5834755bb09216666aa77e6,17/12/2020,DEZEMBRO,QUINTA-FEIRA,15,1
119550627,15155fa725f048b3a4c6b3b10a7aa733,09/03/2020,MARCO,SEGUNDA-FEIRA,18,1
137949205,a4849b1984294b6c99b11aba3157d3aa,09/11/2020,NOVEMBRO,SEGUNDA-FEIRA,14,1
47661010,5520da44689f44ee9f1de0f3e6f9f2b8,08/10/2020,OUTUBRO,QUINTA-FEIRA,19,1
124660269,9aa5025024934cf3abd809c6f812d48d,27/04/2020,ABRIL,SEGUNDA-FEIRA,14,0
47028012,799e277429ef4581bc4ffbdfda587835,01/09/2020,SETEMBRO,TERCA-FEIRA,18,1
134951443,5ce61132269e47c9a50a948a8bb503f7,09/10/2020,OUTUBRO,SEXTA-FEIRA,10,1
48015622,b0a797ed6c39419d9cba96f6e6fb04bf,02/11/2020,NOVEMBRO,SEGUNDA-FEIRA,17,1
138612551,727673e2245d441b9e2ef07f093d8d8d,20/11/2020,NOVEMBRO,SEXTA-FEIRA,10,1
132863795,d6d15f0a48b04683bd06c60526e9f0c1,03/09/2020,SETEMBRO,QUINTA-FEIRA,08,1
47819136,bc89f3433917445694cf64b29d8d90d6,20/10/2020,OUTUBRO,TERCA-FEIRA,11,1
125459245,4af58c51a9874150922e795e04665cbf,05/05/2020,MAIO,TERCA-FEIRA,11,0
126137267,c1dd4897029f4d689d8bf29190c87169,14/05/2020,MAIO,QUINTA-FEIRA,13,0
47789698,7f6e4953056043dc8b03890944b4cd43,17/10/2020,OUTUBRO,SABADO,19,1
129889989,9a02e3747f23406cb075c610bde7554e,10/07/2020,JULHO,SEXTA-FEIRA,13,1
118177299,1fc2057fc26043e6870d4e791d87ed09,17/02/2020,FEVEREIRO,SEGUNDA-FEIRA,12,1
47570044,c4a2f69f8c2e40a29bca3d95ac3ba316,02/10/2020,OUTUBRO,SEXTA-FEIRA,02,1
48528146,e6c40aafba4b49cb9fb51ae8b1035501,01/12/2020,DEZEMBRO,TERCA-FEIRA,20,1
47664496,2da042fe99d54ea782b613f727bd0337,09/10/2020,OUTUBRO,SEXTA-FEIRA,09,1
44143780,3cb62558262745918722a58ff3bee0d6,30/04/2020,ABRIL,QUINTA-FEIRA,15,1
122353131,338a4c58e147419998e8d318d6005ccc,09/04/2020,ABRIL,QUINTA-FEIRA,09,0
139363687,4af58c51a9874150922e795e04665cbf,04/12/2020,DEZEMBRO,SEXTA-FEIRA,12,1
127664313,c1ba7e770c554204ba48b8fef5d817b9,05/06/2020,JUNHO,SEXTA-FEIRA,17,1
41062748,c2241cf1842c49c49880fa54736fee5e,12/02/2020,FEVEREIRO,QUARTA-FEIRA,14,1
134318637,503b2b08ca794b14994c1f16db9235b3,28/09/2020,SETEMBRO,SEGUNDA-FEIRA,17,1
48343606,4a9bc415623e4c379f9373719d13335a,16/11/2020,NOVEMBRO,SEGUNDA-FEIRA,16,1
43384856,107c40186ad0458c974ea02e6681a665,16/04/2020,ABRIL,QUINTA-FEIRA,13,1
46486398,fa7e253f3ce347cea79b1ea04bd297b4,22/07/2020,JULHO,QUARTA-FEIRA,18,1
125328239,6844c3514dc54f04a47ef4f6a9f2e8ab,04/05/2020,MAIO,SEGUNDA-FEIRA,10,0
46057770,e82e922fff884644b082249aeb56557b,29/06/2020,JUNHO,SEGUNDA-FEIRA,15,1
130217187,48b585eeaaa74f49b4999153be898901,16/07/2020,JULHO,QUINTA-FEIRA,15,0
48610002,9aa5025024934cf3abd809c6f812d48d,09/12/2020,DEZEMBRO,QUARTA-FEIRA,12,1
131726351,67eb8d7841c043cfbc0895ea36b9fa17,12/08/2020,AGOSTO,QUARTA-FEIRA,21,0
138714049,78ceb86e84eb4f08825f5a057bf8f3c3,23/11/2020,NOVEMBRO,SEGUNDA-FEIRA,09,0
126764707,939231f725a1408c9afec87aa7419f6f,22/05/2020,MAIO,SEXTA-FEIRA,11,1
45172394,25817d9f4ca24430bcbf1ecd621f7da6,01/06/2020,JUNHO,SEGUNDA-FEIRA,17,1
46996248,1c4dfc62745b430e8e5584632d6ed959,31/08/2020,AGOSTO,SEGUNDA-FEIRA,19,1
140610285,1470d2c66d224c4d92bb323c22101913,30/12/2020,DEZEMBRO,QUARTA-FEIRA,14,0
48537666,e43408e0cde14bb0a8fc10be69cb95d4,02/12/2020,DEZEMBRO,QUARTA-FEIRA,13,1
140472533,5f7409bcaafb455fa9d9a6f4e3101861,28/12/2020,DEZEMBRO,SEGUNDA-FEIRA,16,1
119189461,84156c715f204ecf95f37feae2c0a4c2,03/03/2020,MARCO,TERCA-FEIRA,12,1
136465375,bc424f7062ca42df81c40bcc8205f48b,14/10/2020,OUTUBRO,QUARTA-FEIRA,09,0
139800861,7af144d5f2e64a598707726ebf853529,14/12/2020,DEZEMBRO,SEGUNDA-FEIRA,10,0
138408823,7d5cbe5042ec4271aa74c8ca9316eb07,17/11/2020,NOVEMBRO,TERCA-FEIRA,13,1
120092525,4d87c231784044ec8cfa3289d72664cc,18/03/2020,MARCO,QUARTA-FEIRA,15,1
139932887,5a3095de6e06428186a4160cf710901d,16/12/2020,DEZEMBRO,QUARTA-FEIRA,10,0
133375853,8f095357973f4033b46308c9213f9981,11/09/2020,SETEMBRO,SEXTA-FEIRA,13,1
41217822,86bc0a74ac0847a9b66a15227a9a4a66,21/02/2020,FEVEREIRO,SEXTA-FEIRA,11,1
134666143,55a1d16768cb4782af2e0095c5420528,04/10/2020,OUTUBRO,DOMINGO,13,1
134825601,1a92aafbb9fb498d832c1970483db1cf,07/10/2020,OUTUBRO,QUARTA-FEIRA,13,1
48422972,aa4d264e622e44e2aac05119fe8d57ad,22/11/2020,NOVEMBRO,DOMINGO,15,1
120653095,95b00d20994a4ca9ab776610edc52d78,25/03/2020,MARCO,QUARTA-FEIRA,10,0
137194113,1c4dfc62745b430e8e5584632d6ed959,27/10/2020,OUTUBRO,TERCA-FEIRA,10,0
137940977,776871c9b81b4998aa63a04b0311977a,09/11/2020,NOVEMBRO,SEGUNDA-FEIRA,12,1
140005847,411096cbd7da40c295a16e8d35b2c116,17/12/2020,DEZEMBRO,QUINTA-FEIRA,10,1
45919220,fe92248729c44f448481c5780127e6d1,25/06/2020,JUNHO,QUINTA-FEIRA,15,1
131914317,d6d15f0a48b04683bd06c60526e9f0c1,17/08/2020,AGOSTO,SEGUNDA-FEIRA,12,1
47513404,d6d15f0a48b04683bd06c60526e9f0c1,28/09/2020,SETEMBRO,SEGUNDA-FEIRA,17,1
43445282,c162de451248401b94dc17e4d5bdc0df,19/04/2020,ABRIL,DOMINGO,09,1
124842603,cd8b1e4377334ed198a37780f49fa2fe,29/04/2020,ABRIL,QUARTA-FEIRA,15,0
136872075,67eb8d7841c043cfbc0895ea36b9fa17,21/10/2020,OUTUBRO,QUARTA-FEIRA,13,0
47708568,87f01711fcff4c4cb39f862111d83189,12/10/2020,OUTUBRO,SEGUNDA-FEIRA,13,1
48620856,f84658b307b94f44afdd12a62ecf5524,10/12/2020,DEZEMBRO,QUINTA-FEIRA,13,1
122050957,bf4bff21864f48c6ae50a46e49992e93,07/04/2020,ABRIL,TERCA-FEIRA,11,0
123843715,e5d293bd8d2e49459ad1eada07d029e4,21/04/2020,ABRIL,TERCA-FEIRA,10,1
124851023,5c440e33b90b4705bb852da8e59844c5,29/04/2020,ABRIL,QUARTA-FEIRA,15,0
44067204,01c79a286b474f73bdd42c65cbb9c74c,28/04/2020,ABRIL,TERCA-FEIRA,09,1
47867572,abbafced7cde4634ade4de593e527f3e,22/10/2020,OUTUBRO,QUINTA-FEIRA,12,1
131792713,3c97e5fb8cc7445fa09cc0fa4231a320,14/08/2020,AGOSTO,SEXTA-FEIRA,08,1
130227329,270a3d5a6141454b9326e73e207cb870,16/07/2020,JULHO,QUINTA-FEIRA,16,1
127368265,5201314d3f22452a83a61ac27e13c069,02/06/2020,JUNHO,TERCA-FEIRA,08,1
48800074,41ee1f1959324992b9792c09ebbe5194,23/12/2020,DEZEMBRO,QUARTA-FEIRA,16,1
136477427,87f01711fcff4c4cb39f862111d83189,14/10/2020,OUTUBRO,QUARTA-FEIRA,11,1
131796473,776871c9b81b4998aa63a04b0311977a,14/08/2020,AGOSTO,SEXTA-FEIRA,09,0
130173359,270a3d5a6141454b9326e73e207cb870,16/07/2020,JULHO,QUINTA-FEIRA,09,1
121994039,c4e39de3479642398364851216b113d5,06/04/2020,ABRIL,SEGUNDA-FEIRA,16,0
122451385,784da022ea774cbbb1779f29f755e7a4,09/04/2020,ABRIL,QUINTA-FEIRA,19,0
48838528,3435dafdbf794ba3be149ca97a07a160,29/12/2020,DEZEMBRO,TERCA-FEIRA,11,1
140329209,0f6d728e63f7480ca9e284689cd5c015,23/12/2020,DEZEMBRO,QUARTA-FEIRA,15,1
119951847,00b65a70bcf94365bd3b5629cc084327,16/03/2020,MARCO,SEGUNDA-FEIRA,15,1
47660368,d6d15f0a48b04683bd06c60526e9f0c1,08/10/2020,OUTUBRO,QUINTA-FEIRA,18,1
137691685,96209be971804c04a1360732bc7b21f1,04/11/2020,NOVEMBRO,QUARTA-FEIRA,14,0
48359566,bd456e061abc46069d1716a8ab5b5dbb,17/11/2020,NOVEMBRO,TERCA-FEIRA,15,1
132720207,30bf9710234b48c795dbb42469c05fa9,01/09/2020,SETEMBRO,TERCA-FEIRA,08,0
137956121,eab8fbcc286f4561aa6f74301c16572c,09/11/2020,NOVEMBRO,SEGUNDA-FEIRA,15,0
124675677,c8c6f83d84d3442cb13cff48938984f4,27/04/2020,ABRIL,SEGUNDA-FEIRA,16,0
133936057,c4a2f69f8c2e40a29bca3d95ac3ba316,21/09/2020,SETEMBRO,SEGUNDA-FEIRA,13,0
136597727,c1dd4897029f4d689d8bf29190c87169,16/10/2020,OUTUBRO,SEXTA-FEIRA,09,1
119373171,cd8b1e4377334ed198a37780f49fa2fe,05/03/2020,MARCO,QUINTA-FEIRA,16,0
116446901,c4a2f69f8c2e40a29bca3d95ac3ba316,30/01/2020,JANEIRO,QUINTA-FEIRA,09,1
140592987,a07271e3398841689f7a696f9f0d521a,30/12/2020,DEZEMBRO,QUARTA-FEIRA,12,0
137767863,ca761e31c69b49e8a302a5db04ab9e1a,05/11/2020,NOVEMBRO,QUINTA-FEIRA,15,0
125462033,8a4e858e220a4582943e16751598221e,05/05/2020,MAIO,TERCA-FEIRA,11,1
139049537,983206a77e814bd390cf699f90da0125,28/11/2020,NOVEMBRO,SABADO,13,0
43496938,37aa99081e3e428dbd01f9ca4ae9ea4d,22/04/2020,ABRIL,QUARTA-FEIRA,08,1
136756539,bc424f7062ca42df81c40bcc8205f48b,20/10/2020,OUTUBRO,TERCA-FEIRA,08,0
138937161,c4a2f69f8c2e40a29bca3d95ac3ba316,26/11/2020,NOVEMBRO,QUINTA-FEIRA,14,1
41076500,730c63080e0e4473a8807c5d1363165b,12/02/2020,FEVEREIRO,QUARTA-FEIRA,21,1
116278643,38841307eb5f4102b0ac6902e0d35fda,28/01/2020,JANEIRO,TERCA-FEIRA,12,1
44784060,c9a9da11556d4fd8b52c29febb7e2e83,16/05/2020,MAIO,SABADO,16,1
136541173,4d87c231784044ec8cfa3289d72664cc,15/10/2020,OUTUBRO,QUINTA-FEIRA,10,1
139015661,b9d8ea8021654c30a01f5bd266ac8eb0,27/11/2020,NOVEMBRO,SEXTA-FEIRA,16,1
137374425,3435dafdbf794ba3be149ca97a07a160,29/10/2020,OUTUBRO,QUINTA-FEIRA,17,1
128440007,76e7529747ad4f03b60e2c1fb1ff6f59,20/06/2020,JUNHO,SABADO,19,0
46852438,342f6adede604e2d87d640288455a86c,26/08/2020,AGOSTO,QUARTA-FEIRA,14,1
137015503,e5fb508caefb416d9a3c8c5c76d0d8e0,23/10/2020,OUTUBRO,SEXTA-FEIRA,11,0
44158402,fc203b49141948f6978ee2ce9b20b60f,30/04/2020,ABRIL,QUINTA-FEIRA,20,1
139649147,67eb8d7841c043cfbc0895ea36b9fa17,10/12/2020,DEZEMBRO,QUINTA-FEIRA,14,0
130479063,9aa5025024934cf3abd809c6f812d48d,21/07/2020,JULHO,TERCA-FEIRA,16,1
140289077,db072be214bd469f8a2edaa1ba609f77,23/12/2020,DEZEMBRO,QUARTA-FEIRA,09,1
140203171,cac6aa9717504838bad05434adefc93a,21/12/2020,DEZEMBRO,SEGUNDA-FEIRA,14,1
116383813,e530a4106bfa4373930337e8ac219bee,29/01/2020,JANEIRO,QUARTA-FEIRA,13,1
130537255,a6f1d5285eb24ef6b9d3cf80b589aa8c,22/07/2020,JULHO,QUARTA-FEIRA,13,1
140025845,8d361d3b1cdc46f0852825380c5c337f,17/12/2020,DEZEMBRO,QUINTA-FEIRA,14,1
41613936,781c8cb2c8f9462eaa4a785cf92acc30,17/03/2020,MARCO,TERCA-FEIRA,10,1
120286721,270043c950d640df8904ddd376a8c3de,20/03/2020,MARCO,SEXTA-FEIRA,15,0
140045823,c7aaaa96059c457690d888a79fdbcb3c,17/12/2020,DEZEMBRO,QUINTA-FEIRA,16,1
137714375,4e565ad9e71147cea5095d559cf6220e,04/11/2020,NOVEMBRO,QUARTA-FEIRA,17,0
125636589,4694534a1101482b927c45d08d44e4b0,07/05/2020,MAIO,QUINTA-FEIRA,11,1
47788404,224b304199ed4c35b74e09a367e4a38c,17/10/2020,OUTUBRO,SABADO,10,1
139261501,a266511de5134e78821570b76c1969a6,02/12/2020,DEZEMBRO,QUARTA-FEIRA,17,0
48565384,4d87c231784044ec8cfa3289d72664cc,04/12/2020,DEZEMBRO,SEXTA-FEIRA,09,1
138412647,31283d321f2a4eae818ef94ddf5bc4af,17/11/2020,NOVEMBRO,TERCA-FEIRA,13,0
133547923,415319be161e444f8e671cc06e57e40a,15/09/2020,SETEMBRO,TERCA-FEIRA,13,0
130579623,5ab4976fd0694663b84bef9f5a6f733c,23/07/2020,JULHO,QUINTA-FEIRA,09,1
119783481,270043c950d640df8904ddd376a8c3de,12/03/2020,MARCO,QUINTA-FEIRA,18,0
124835837,9a02e3747f23406cb075c610bde7554e,29/04/2020,ABRIL,QUARTA-FEIRA,14,0
48516212,8618dc41b1a64ff6b5e466019d252a4a,30/11/2020,NOVEMBRO,SEGUNDA-FEIRA,15,1
139261041,f17793b51e3c4d86ae1b9387599f219c,02/12/2020,DEZEMBRO,QUARTA-FEIRA,17,1
41417516,5752221717994b2dada61786c6e4a372,04/03/2020,MARCO,QUARTA-FEIRA,10,1
122338745,056d32ffaff0404abbf2d11981967360,08/04/2020,ABRIL,QUARTA-FEIRA,23,0
48716748,bdd8825296b64b10834e4d011bb7e565,16/12/2020,DEZEMBRO,QUARTA-FEIRA,17,1
48002336,a8325b2a457148af8c5e3d9f6664b783,01/11/2020,NOVEMBRO,DOMINGO,20,1
48174622,9a02e3747f23406cb075c610bde7554e,12/11/2020,NOVEMBRO,QUINTA-FEIRA,15,1
48454690,66cc244542c646959f048fff5a286f49,25/11/2020,NOVEMBRO,QUARTA-FEIRA,07,1
137099975,056d32ffaff0404abbf2d11981967360,25/10/2020,OUTUBRO,DOMINGO,00,0
137567905,500b9bf864ff46f99ec630543c7c0bb9,02/11/2020,NOVEMBRO,SEGUNDA-FEIRA,16,0
124926939,c4abac3d07954e3ba8e0bed46a093311,30/04/2020,ABRIL,QUINTA-FEIRA,14,0
134405471,66785aa3d3134e7588c109eded1645dd,30/09/2020,SETEMBRO,QUARTA-FEIRA,08,0
125466971,4af58c51a9874150922e795e04665cbf,05/05/2020,MAIO,TERCA-FEIRA,12,0
139384783,8d25cdfaf2bf4141b0eb92cfc193ba18,04/12/2020,DEZEMBRO,SEXTA-FEIRA,15,0
140620731,0721c3a573b8414d9b0518b7660d7de2,30/12/2020,DEZEMBRO,QUARTA-FEIRA,16,0
138009777,8b5fc62b3b9f4ec4a81b5bee67eb9ddb,10/11/2020,NOVEMBRO,TERCA-FEIRA,13,1
119484045,0a90e59d7cf74348848e06daf52f4f47,09/03/2020,MARCO,SEGUNDA-FEIRA,09,0
40013604,415319be161e444f8e671cc06e57e40a,26/01/2020,JANEIRO,DOMINGO,17,1
137131555,bc424f7062ca42df81c40bcc8205f48b,26/10/2020,OUTUBRO,SEGUNDA-FEIRA,10,0
130428515,be2f667e703045ce91883641e8c6c0fe,21/07/2020,JULHO,TERCA-FEIRA,08,1
139637571,35fda130b8e44ed0ad453322ef83cf15,10/12/2020,DEZEMBRO,QUINTA-FEIRA,12,1
125894507,c831f4635aed47dc91d5d3808b7e6b89,11/05/2020,MAIO,SEGUNDA-FEIRA,11,1
138621543,49699183fea34998bebab46ffcc23eae,20/11/2020,NOVEMBRO,SEXTA-FEIRA,12,0
134254495,d6d15f0a48b04683bd06c60526e9f0c1,28/09/2020,SETEMBRO,SEGUNDA-FEIRA,08,1
139866617,c4abac3d07954e3ba8e0bed46a093311,15/12/2020,DEZEMBRO,TERCA-FEIRA,09,1
128156313,b031e00ca6454509b2197223836db49d,16/06/2020,JUNHO,TERCA-FEIRA,14,1
129418631,42d1cb59ef354394bb17795f82679f15,03/07/2020,JULHO,SEXTA-FEIRA,12,0
47839414,50c93567854d4a70b1dba545dc825ba6,21/10/2020,OUTUBRO,QUARTA-FEIRA,11,1
47312134,cb949bcaa5f34e4fbba989caae0ab3ca,17/09/2020,SETEMBRO,QUINTA-FEIRA,16,1
140581739,db2e7f8a260d40b5a7acb2866471174f,30/12/2020,DEZEMBRO,QUARTA-FEIRA,10,1
137566825,5eddf41a94144076841e8e7917d290e3,02/11/2020,NOVEMBRO,SEGUNDA-FEIRA,16,1
139127619,3a78c487bea845b08dfbfe607c308367,30/11/2020,NOVEMBRO,SEGUNDA-FEIRA,14,1
127622509,0c21f7112e314724a022d754bc673612,05/06/2020,JUNHO,SEXTA-FEIRA,10,1
41078534,342f6adede604e2d87d640288455a86c,13/02/2020,FEVEREIRO,QUINTA-FEIRA,08,1
132151267,76e7529747ad4f03b60e2c1fb1ff6f59,21/08/2020,AGOSTO,SEXTA-FEIRA,09,0
46113232,1bae60da83e842f6b19997e4800ddccb,01/07/2020,JULHO,QUARTA-FEIRA,01,1
48618714,e29dad34c6254fc3a2639ff50e9db456,10/12/2020,DEZEMBRO,QUINTA-FEIRA,10,1
129444805,368f7ce9d9d54162aa18d74433cdfad8,03/07/2020,JULHO,SEXTA-FEIRA,16,0
128351763,9a02e3747f23406cb075c610bde7554e,19/06/2020,JUNHO,SEXTA-FEIRA,10,0
42987176,f5649c101bb44325bb21b2c1c3f4126b,13/04/2020,ABRIL,SEGUNDA-FEIRA,16,1
122074085,d8d08d7850134a1da0ca527e337b44b7,07/04/2020,ABRIL,TERCA-FEIRA,13,0
139220269,8b5fc62b3b9f4ec4a81b5bee67eb9ddb,02/12/2020,DEZEMBRO,QUARTA-FEIRA,12,0
48181922,2ae532f9b03944229f9eeaf61f0a89c9,13/11/2020,NOVEMBRO,SEXTA-FEIRA,09,1
128581843,05255fbf3dbc4ac0932efc0295a3863b,23/06/2020,JUNHO,TERCA-FEIRA,11,1
131483845,5ce61132269e47c9a50a948a8bb503f7,07/08/2020,AGOSTO,SEXTA-FEIRA,15,1
126676017,270a3d5a6141454b9326e73e207cb870,21/05/2020,MAIO,QUINTA-FEIRA,14,1
133904525,49699183fea34998bebab46ffcc23eae,21/09/2020,SETEMBRO,SEGUNDA-FEIRA,09,0
127765155,415319be161e444f8e671cc06e57e40a,08/06/2020,JUNHO,SEGUNDA-FEIRA,14,0
46420848,776871c9b81b4998aa63a04b0311977a,15/07/2020,JULHO,QUARTA-FEIRA,20,1
130133491,2f3aa6f07bc74c2886139fea52c6b3d3,15/07/2020,JULHO,QUARTA-FEIRA,14,1
116170259,0a90e59d7cf74348848e06daf52f4f47,27/01/2020,JANEIRO,SEGUNDA-FEIRA,13,1
138713561,c1dd4897029f4d689d8bf29190c87169,23/11/2020,NOVEMBRO,SEGUNDA-FEIRA,09,1
119426057,95b00d20994a4ca9ab776610edc52d78,06/03/2020,MARCO,SEXTA-FEIRA,15,0
138759201,0921f805bd634a07b10f25110c788aa4,23/11/2020,NOVEMBRO,SEGUNDA-FEIRA,16,1
43403496,e5db3c978eab4bbba0c9e7a09596d77f,17/04/2020,ABRIL,SEXTA-FEIRA,12,1
122885973,5545de7562fd4c6596b727eb9a8fd26f,13/04/2020,ABRIL,SEGUNDA-FEIRA,13,1
47907234,8618dc41b1a64ff6b5e466019d252a4a,25/10/2020,OUTUBRO,DOMINGO,10,1
47706414,478f1d1946054e38a66fb3da38ef755e,12/10/2020,OUTUBRO,SEGUNDA-FEIRA,12,1
128197303,8618dc41b1a64ff6b5e466019d252a4a,17/06/2020,JUNHO,QUARTA-FEIRA,10,0
137825483,0688dba18bbc4e9ab8cbf2c92703659b,06/11/2020,NOVEMBRO,SEXTA-FEIRA,15,0
138020339,9178c84edb114f91a595fd45c259f61c,10/11/2020,NOVEMBRO,TERCA-FEIRA,15,1
128147413,c4abac3d07954e3ba8e0bed46a093311,16/06/2020,JUNHO,TERCA-FEIRA,13,1
130066465,d8e8d6d11315455299baa6c3a5b0da64,14/07/2020,JULHO,TERCA-FEIRA,14,1
137764613,cd8b1e4377334ed198a37780f49fa2fe,05/11/2020,NOVEMBRO,QUINTA-FEIRA,15,0
41549606,28569a7370d44b7fbe92134d90e9f330,12/03/2020,MARCO,QUINTA-FEIRA,10,1
48647898,b031e00ca6454509b2197223836db49d,13/12/2020,DEZEMBRO,DOMINGO,13,1
132741135,4694534a1101482b927c45d08d44e4b0,01/09/2020,SETEMBRO,TERCA-FEIRA,11,1
123586703,e5db3c978eab4bbba0c9e7a09596d77f,16/04/2020,ABRIL,QUINTA-FEIRA,15,0
139244281,802bab96638043039942bba20f7e03e0,02/12/2020,DEZEMBRO,QUARTA-FEIRA,14,1
48079236,c8783e832e9644d8b02fb20bfb298b38,06/11/2020,NOVEMBRO,SEXTA-FEIRA,13,1
48501246,5abb7307f641435dacf0ebf1936d6667,27/11/2020,NOVEMBRO,SEXTA-FEIRA,21,1
134329703,5564e0d79b6141888be891dce9509321,29/09/2020,SETEMBRO,TERCA-FEIRA,07,0
134431813,e6c40aafba4b49cb9fb51ae8b1035501,30/09/2020,SETEMBRO,QUARTA-FEIRA,12,0
46447600,be2f667e703045ce91883641e8c6c0fe,19/07/2020,JULHO,DOMINGO,16,1
130122487,256fbb9a30f74256ae6808e95a1b1501,15/07/2020,JULHO,QUARTA-FEIRA,11,0
139667151,6849fe25a3224da4afc80248c6bcd5e9,10/12/2020,DEZEMBRO,QUINTA-FEIRA,16,1
140427443,224b304199ed4c35b74e09a367e4a38c,28/12/2020,DEZEMBRO,SEGUNDA-FEIRA,10,1
47037482,270a3d5a6141454b9326e73e207cb870,02/09/2020,SETEMBRO,QUARTA-FEIRA,09,1
140077357,facb0579f79c4bbb8fa87beb3da0049c,18/12/2020,DEZEMBRO,SEXTA-FEIRA,13,1
139232221,e43408e0cde14bb0a8fc10be69cb95d4,02/12/2020,DEZEMBRO,QUARTA-FEIRA,13,1
135000915,d6d15f0a48b04683bd06c60526e9f0c1,10/10/2020,OUTUBRO,SABADO,09,1
133511973,9f9adfcb0d5541de96cec459c3a4735c,14/09/2020,SETEMBRO,SEGUNDA-FEIRA,13,0
127698263,cd8b1e4377334ed198a37780f49fa2fe,07/06/2020,JUNHO,DOMINGO,14,0
125648451,23723b5ae2b04710a45930c4fcb6458b,07/05/2020,MAIO,QUINTA-FEIRA,13,0
138918675,dea3e4e1796d45cdaf9e4262aab54865,26/11/2020,NOVEMBRO,QUINTA-FEIRA,11,0
125296899,67eb8d7841c043cfbc0895ea36b9fa17,03/05/2020,MAIO,DOMINGO,20,0
138146073,044b66daadb84aaf837dc5f3799571a4,12/11/2020,NOVEMBRO,QUINTA-FEIRA,13,0
45088836,c162de451248401b94dc17e4d5bdc0df,28/05/2020,MAIO,QUINTA-FEIRA,09,1
41546454,3cb62558262745918722a58ff3bee0d6,12/03/2020,MARCO,QUINTA-FEIRA,10,1
130232681,5ce095386bc647a7b7c7734bb948ae79,16/07/2020,JULHO,QUINTA-FEIRA,17,1
128814083,c451eee1eba24c5ea4d9b3c4f79cff9a,25/06/2020,JUNHO,QUINTA-FEIRA,16,0
45063900,a33736a206a04f0a945549b14909f118,26/05/2020,MAIO,TERCA-FEIRA,22,1
123796471,69e154b4e7f34af0b8f1cd150e7a43da,20/04/2020,ABRIL,SEGUNDA-FEIRA,15,1
43463218,49699183fea34998bebab46ffcc23eae,20/04/2020,ABRIL,SEGUNDA-FEIRA,15,1
127464589,e5d6920da503405aa449881676c58716,03/06/2020,JUNHO,QUARTA-FEIRA,10,1
46121240,c1f6cb6af1f044318cea69e551be320b,01/07/2020,JULHO,QUARTA-FEIRA,13,1
128203915,5b4349844f364243949803d18fe156ea,17/06/2020,JUNHO,QUARTA-FEIRA,11,0
137020503,97c6a29dba404f14b69587ce9070f5ea,23/10/2020,OUTUBRO,SEXTA-FEIRA,12,0
47518870,191148ff29c64629b1edf90bfb721256,29/09/2020,SETEMBRO,TERCA-FEIRA,11,1
139120573,69c6ca9c085943e0beeeb1f372795d5a,30/11/2020,NOVEMBRO,SEGUNDA-FEIRA,12,1
132906015,342f6adede604e2d87d640288455a86c,03/09/2020,SETEMBRO,QUINTA-FEIRA,14,1
137515553,d8e8d6d11315455299baa6c3a5b0da64,02/11/2020,NOVEMBRO,SEGUNDA-FEIRA,09,0
137837795,eab8fbcc286f4561aa6f74301c16572c,06/11/2020,NOVEMBRO,SEXTA-FEIRA,16,0
137676803,3ce7e7e0adcd40d3a869259d87e19637,04/11/2020,NOVEMBRO,QUARTA-FEIRA,11,0
47142844,30b73979f70541d6857e2f86872adfed,08/09/2020,SETEMBRO,TERCA-FEIRA,15,1
126699767,a0c057425a75448896ea40c84a3ca76e,21/05/2020,MAIO,QUINTA-FEIRA,16,1
127763641,256fbb9a30f74256ae6808e95a1b1501,08/06/2020,JUNHO,SEGUNDA-FEIRA,14,1
125625085,90f974e257e049fba64be79d25b2bb41,07/05/2020,MAIO,QUINTA-FEIRA,10,1
137264681,30b73979f70541d6857e2f86872adfed,28/10/2020,OUTUBRO,QUARTA-FEIRA,12,1
40304634,d614da6603bd4222bd28378fdbd3abf6,03/02/2020,FEVEREIRO,SEGUNDA-FEIRA,21,1
134875755,c4e39de3479642398364851216b113d5,08/10/2020,OUTUBRO,QUINTA-FEIRA,10,1
138372597,776871c9b81b4998aa63a04b0311977a,16/11/2020,NOVEMBRO,SEGUNDA-FEIRA,17,1
46448588,776871c9b81b4998aa63a04b0311977a,20/07/2020,JULHO,SEGUNDA-FEIRA,09,1
138813511,55a1d16768cb4782af2e0095c5420528,24/11/2020,NOVEMBRO,TERCA-FEIRA,16,0
48129702,1bf9820a46ea4574ba162dfd26f3f9b2,10/11/2020,NOVEMBRO,TERCA-FEIRA,13,1
129935749,1a92aafbb9fb498d832c1970483db1cf,12/07/2020,JULHO,DOMINGO,12,1
140313629,ff4fd642886f46469fc7b6c8ab745239,23/12/2020,DEZEMBRO,QUARTA-FEIRA,14,1
136842989,4fb492d825ec43c29a7000ff56b5aee7,21/10/2020,OUTUBRO,QUARTA-FEIRA,09,1
136759447,a147ab2e1c77418fb391ae84b2d5b401,20/10/2020,OUTUBRO,TERCA-FEIRA,09,1
139315003,d5b0f1136bab47dda489d1eeaae9edf4,03/12/2020,DEZEMBRO,QUINTA-FEIRA,14,0
136471369,01085ad018d44065915af6d22467217b,14/10/2020,OUTUBRO,QUARTA-FEIRA,10,1
124920661,23723b5ae2b04710a45930c4fcb6458b,30/04/2020,ABRIL,QUINTA-FEIRA,13,0
129513513,78ceb86e84eb4f08825f5a057bf8f3c3,06/07/2020,JULHO,SEGUNDA-FEIRA,09,0
47492600,d70558c79b9d446f88aab1e18c4ec5b3,26/09/2020,SETEMBRO,SABADO,17,1
139649025,288d8b55fd304a49ab5d4da13348a0d8,10/12/2020,DEZEMBRO,QUINTA-FEIRA,14,1
127688257,1645ee6b29c747ea973f891fecc560d4,06/06/2020,JUNHO,SABADO,18,1
140676325,0da2b85fdd3f49acb5d1384cb3e768ae,31/12/2020,DEZEMBRO,QUINTA-FEIRA,13,1
120131599,84eebe3b193842729006d6670b51e5f4,19/03/2020,MARCO,QUINTA-FEIRA,10,0
140117461,4a7becbbd1854746bd95b7a65a90426c,18/12/2020,DEZEMBRO,SEXTA-FEIRA,18,1
134464705,b568bb096e4e41358931d0d33da25e08,30/09/2020,SETEMBRO,QUARTA-FEIRA,17,1
140316311,40e5b2659b11477a86ae54d2edbbb1c8,23/12/2020,DEZEMBRO,QUARTA-FEIRA,14,1
119633267,d70558c79b9d446f88aab1e18c4ec5b3,10/03/2020,MARCO,TERCA-FEIRA,17,0
133774749,11b63b235b93464fafeef3dac8a7cdad,18/09/2020,SETEMBRO,SEXTA-FEIRA,17,0
138335585,0d208d0b4382461b83c8716a0fd1433a,16/11/2020,NOVEMBRO,SEGUNDA-FEIRA,11,1
41948596,6c9ad3a80bae49b6a1bc8e788239e8f9,31/03/2020,MARCO,TERCA-FEIRA,15,1
43505882,6844c3514dc54f04a47ef4f6a9f2e8ab,22/04/2020,ABRIL,QUARTA-FEIRA,12,1
139276361,c71ac7d64c174cd39053ffb7115e895d,03/12/2020,DEZEMBRO,QUINTA-FEIRA,09,1
127827851,bf4bff21864f48c6ae50a46e49992e93,09/06/2020,JUNHO,TERCA-FEIRA,13,0
48685660,ba3bdcfcf8f0496db4c6182552d52f3e,15/12/2020,DEZEMBRO,TERCA-FEIRA,10,1
44680692,97c6a29dba404f14b69587ce9070f5ea,12/05/2020,MAIO,TERCA-FEIRA,19,1
139638871,4e565ad9e71147cea5095d559cf6220e,10/12/2020,DEZEMBRO,QUINTA-FEIRA,13,0
128128781,f04f7ff1e9914cc6870ce48c129248bc,16/06/2020,JUNHO,TERCA-FEIRA,10,0
139701295,90d171e6e40e49fab2c8de1c89fb1ad1,11/12/2020,DEZEMBRO,SEXTA-FEIRA,11,0
120611031,a8325b2a457148af8c5e3d9f6664b783,24/03/2020,MARCO,TERCA-FEIRA,16,0
48738322,5ce61132269e47c9a50a948a8bb503f7,17/12/2020,DEZEMBRO,QUINTA-FEIRA,18,1
138074113,50c93567854d4a70b1dba545dc825ba6,11/11/2020,NOVEMBRO,QUARTA-FEIRA,13,1
131367531,9a02e3747f23406cb075c610bde7554e,05/08/2020,AGOSTO,QUARTA-FEIRA,20,0
138197573,a104d345dcf2441995c644a3cb4375dc,13/11/2020,NOVEMBRO,SEXTA-FEIRA,11,1
128098991,cd8b1e4377334ed198a37780f49fa2fe,15/06/2020,JUNHO,SEGUNDA-FEIRA,20,0
139538211,0913fc9bad5a485f985e0eb8fa983d4b,08/12/2020,DEZEMBRO,TERCA-FEIRA,20,1
132404171,86ed0358adea422a9eef3ddabef92a0f,26/08/2020,AGOSTO,QUARTA-FEIRA,11,1
133944523,3c97e5fb8cc7445fa09cc0fa4231a320,21/09/2020,SETEMBRO,SEGUNDA-FEIRA,15,0
140318447,5ab4976fd0694663b84bef9f5a6f733c,23/12/2020,DEZEMBRO,QUARTA-FEIRA,14,1
48460584,50ad10220f9a48dea19aad2722a9a0bc,25/11/2020,NOVEMBRO,QUARTA-FEIRA,13,1
137161539,01085ad018d44065915af6d22467217b,26/10/2020,OUTUBRO,SEGUNDA-FEIRA,14,1
137155389,c7c2cb309edb4fc2816e75d1ccbbed2c,26/10/2020,OUTUBRO,SEGUNDA-FEIRA,14,1
136772605,4a9de21b35a04c0f9c736afa32ce859a,20/10/2020,OUTUBRO,TERCA-FEIRA,11,0
119842295,776b3cb9d8144952bd4f4d20321b3745,13/03/2020,MARCO,SEXTA-FEIRA,15,0
132485893,e6c40aafba4b49cb9fb51ae8b1035501,27/08/2020,AGOSTO,QUINTA-FEIRA,12,0
139329707,01c79a286b474f73bdd42c65cbb9c74c,03/12/2020,DEZEMBRO,QUINTA-FEIRA,16,1
124737289,25bf7557861f40f69d801b12a58ee28c,28/04/2020,ABRIL,TERCA-FEIRA,13,0
44635732,b62a42749dfb4919a645e6c94c5d6fa6,10/05/2020,MAIO,DOMINGO,20,1
44711480,62e5244abf4345ac8a3b0a70caa59972,13/05/2020,MAIO,QUARTA-FEIRA,21,1
132402117,1645ee6b29c747ea973f891fecc560d4,26/08/2020,AGOSTO,QUARTA-FEIRA,10,1
41355294,86bc0a74ac0847a9b66a15227a9a4a66,29/02/2020,FEVEREIRO,SABADO,17,1
48396692,f8ac210d18b64fd183d178e02916a600,19/11/2020,NOVEMBRO,QUINTA-FEIRA,17,1
140609453,11b63b235b93464fafeef3dac8a7cdad,30/12/2020,DEZEMBRO,QUARTA-FEIRA,14,1
140084407,9aa5025024934cf3abd809c6f812d48d,18/12/2020,DEZEMBRO,SEXTA-FEIRA,13,1
124872025,67eb8d7841c043cfbc0895ea36b9fa17,30/04/2020,ABRIL,QUINTA-FEIRA,06,0
133684273,a7de3b84a2d5441fbf12e1e16bfae815,17/09/2020,SETEMBRO,QUINTA-FEIRA,15,1
46453072,9aa5025024934cf3abd809c6f812d48d,20/07/2020,JULHO,SEGUNDA-FEIRA,14,1
139104951,3cd8bfedeca24f96a49d10387b20ba90,30/11/2020,NOVEMBRO,SEGUNDA-FEIRA,11,1
136709565,b75365c1ed964c6f9cd5dc65ff435bfb,19/10/2020,OUTUBRO,SEGUNDA-FEIRA,11,0
134909909,aece8b84c55a466c8ce1dcc30747291c,08/10/2020,OUTUBRO,QUINTA-FEIRA,15,1
128700397,776b3cb9d8144952bd4f4d20321b3745,24/06/2020,JUNHO,QUARTA-FEIRA,14,0
139199269,dea3e4e1796d45cdaf9e4262aab54865,02/12/2020,DEZEMBRO,QUARTA-FEIRA,10,0
48355818,b62a42749dfb4919a645e6c94c5d6fa6,17/11/2020,NOVEMBRO,TERCA-FEIRA,12,1
139714711,a0d1c3ac074f46e0bed2033e3b850b73,11/12/2020,DEZEMBRO,SEXTA-FEIRA,13,1
134045307,3a78c487bea845b08dfbfe607c308367,23/09/2020,SETEMBRO,QUARTA-FEIRA,11,0
131646701,86ed0358adea422a9eef3ddabef92a0f,11/08/2020,AGOSTO,TERCA-FEIRA,14,1
48578352,b9d8ea8021654c30a01f5bd266ac8eb0,05/12/2020,DEZEMBRO,SABADO,16,1
139914181,3cd32d3443e8406e841f18701e6b1336,15/12/2020,DEZEMBRO,TERCA-FEIRA,17,0
124110007,b85d3a9d7f834a859d571665f3551347,24/04/2020,ABRIL,SEXTA-FEIRA,14,1
118830985,17d932e6fbb1454b92c48bad8b148806,27/02/2020,FEVEREIRO,QUINTA-FEIRA,10,1
139664239,4085a3b61ffb441da5b23779966cc24e,10/12/2020,DEZEMBRO,QUINTA-FEIRA,16,1
138746049,593dd4c5c4184e7ebc96fbad051d6bc6,23/11/2020,NOVEMBRO,SEGUNDA-FEIRA,14,0
47772306,ba380fbc86a647bfbd2cd7df7db2f0de,16/10/2020,OUTUBRO,SEXTA-FEIRA,10,1
47946498,d3ed306efb4e4bd583eca8fc686c7b63,28/10/2020,OUTUBRO,QUARTA-FEIRA,11,1
137686183,6df82c91d297469a834a0b4cff107e6f,04/11/2020,NOVEMBRO,QUARTA-FEIRA,13,0
140516657,7443a9ce923f4ad894106deb9a856065,29/12/2020,DEZEMBRO,TERCA-FEIRA,11,1
140679649,ed861844169d4945b4cc315aa09805f9,31/12/2020,DEZEMBRO,QUINTA-FEIRA,14,1
117116469,e530a4106bfa4373930337e8ac219bee,05/02/2020,FEVEREIRO,QUARTA-FEIRA,13,1
125934563,799e277429ef4581bc4ffbdfda587835,11/05/2020,MAIO,SEGUNDA-FEIRA,16,0
47912462,62e5244abf4345ac8a3b0a70caa59972,26/10/2020,OUTUBRO,SEGUNDA-FEIRA,11,1
140271351,59fc44b7a1f6493fbb957d92edc3a7f9,22/12/2020,DEZEMBRO,TERCA-FEIRA,17,1
129529261,5ce095386bc647a7b7c7734bb948ae79,06/07/2020,JULHO,SEGUNDA-FEIRA,11,1
116739123,ff08e42ff9e84014a1c7abd1486d7ac8,03/02/2020,FEVEREIRO,SEGUNDA-FEIRA,02,1
140525577,34f31ee918dc44a6bab130cc42b7e6e9,29/12/2020,DEZEMBRO,TERCA-FEIRA,13,1
127970251,c67e143369ac422697907254d4377c10,12/06/2020,JUNHO,SEXTA-FEIRA,15,1
132900889,342f6adede604e2d87d640288455a86c,03/09/2020,SETEMBRO,QUINTA-FEIRA,13,1
45905474,776871c9b81b4998aa63a04b0311977a,25/06/2020,JUNHO,QUINTA-FEIRA,09,1
44965200,37aa99081e3e428dbd01f9ca4ae9ea4d,21/05/2020,MAIO,QUINTA-FEIRA,23,1
44852804,4bfcd6b86bc04cf7bbaa1b8a81670787,20/05/2020,MAIO,QUARTA-FEIRA,09,1
48106786,044b66daadb84aaf837dc5f3799571a4,09/11/2020,NOVEMBRO,SEGUNDA-FEIRA,13,1
117424037,e483bc7c34644bd8a693fc6671819d1b,07/02/2020,FEVEREIRO,SEXTA-FEIRA,13,0
139649351,304acc1b8894498c82dd1092e7d86849,10/12/2020,DEZEMBRO,QUINTA-FEIRA,14,0
138493239,4a7becbbd1854746bd95b7a65a90426c,18/11/2020,NOVEMBRO,QUARTA-FEIRA,14,1
127666293,bf4bff21864f48c6ae50a46e49992e93,05/06/2020,JUNHO,SEXTA-FEIRA,17,1
130118915,2f3aa6f07bc74c2886139fea52c6b3d3,15/07/2020,JULHO,QUARTA-FEIRA,11,1
47172488,30b73979f70541d6857e2f86872adfed,09/09/2020,SETEMBRO,QUARTA-FEIRA,21,1
134303577,38d33a3ce7c040349753cad4973fd7db,28/09/2020,SETEMBRO,SEGUNDA-FEIRA,14,1
138000961,7af144d5f2e64a598707726ebf853529,10/11/2020,NOVEMBRO,TERCA-FEIRA,11,1
45989090,0d660031c7844eec97bc8c99c071c50e,28/06/2020,JUNHO,DOMINGO,17,1
138726537,10c98b9bc39f4766a59e1cd99aeb74ea,23/11/2020,NOVEMBRO,SEGUNDA-FEIRA,11,1
42413370,fef1d086633e4e31a8d061d7cdfce6c9,09/04/2020,ABRIL,QUINTA-FEIRA,15,1
130025079,d6d15f0a48b04683bd06c60526e9f0c1,14/07/2020,JULHO,TERCA-FEIRA,07,0
133668717,abbf3bc699994c87999aecc91d8b58a2,17/09/2020,SETEMBRO,QUINTA-FEIRA,12,1
139943159,86ed0358adea422a9eef3ddabef92a0f,16/12/2020,DEZEMBRO,QUARTA-FEIRA,11,1
42040028,fa7e253f3ce347cea79b1ea04bd297b4,03/04/2020,ABRIL,SEXTA-FEIRA,09,1
45074678,db38d20b198743e186a35890d6b640f3,27/05/2020,MAIO,QUARTA-FEIRA,16,1
139356803,5a3095de6e06428186a4160cf710901d,04/12/2020,DEZEMBRO,SEXTA-FEIRA,11,1
129877433,c67e143369ac422697907254d4377c10,10/07/2020,JULHO,SEXTA-FEIRA,12,0
118404621,8f095357973f4033b46308c9213f9981,20/02/2020,FEVEREIRO,QUINTA-FEIRA,09,0
138091419,9a02e3747f23406cb075c610bde7554e,11/11/2020,NOVEMBRO,QUARTA-FEIRA,15,0
128011659,070c23788c204562939d94acd76a0f59,14/06/2020,JUNHO,DOMINGO,16,0
121783867,6fe1f9dd46054decbc6dfa84dfa5f5c8,03/04/2020,ABRIL,SEXTA-FEIRA,15,0
47054522,270a3d5a6141454b9326e73e207cb870,03/09/2020,SETEMBRO,QUINTA-FEIRA,07,1
45569870,41ee1f1959324992b9792c09ebbe5194,17/06/2020,JUNHO,QUARTA-FEIRA,12,1
48436622,9baf66b4f8e3452fa07b9f9b217474f5,23/11/2020,NOVEMBRO,SEGUNDA-FEIRA,17,1
139252697,3cd8bfedeca24f96a49d10387b20ba90,02/12/2020,DEZEMBRO,QUARTA-FEIRA,16,1
48758190,4a7becbbd1854746bd95b7a65a90426c,19/12/2020,DEZEMBRO,SABADO,20,1
48754668,776871c9b81b4998aa63a04b0311977a,19/12/2020,DEZEMBRO,SABADO,10,1
41634352,4d87c231784044ec8cfa3289d72664cc,18/03/2020,MARCO,QUARTA-FEIRA,14,1
139571969,cfc1a2ca71b24fd5a8e414f121fec073,09/12/2020,DEZEMBRO,QUARTA-FEIRA,12,1
133245051,4fb492d825ec43c29a7000ff56b5aee7,09/09/2020,SETEMBRO,QUARTA-FEIRA,16,1
125287859,67eb8d7841c043cfbc0895ea36b9fa17,03/05/2020,MAIO,DOMINGO,10,0
118096381,478f1d1946054e38a66fb3da38ef755e,14/02/2020,FEVEREIRO,SEXTA-FEIRA,17,1
44714984,224b304199ed4c35b74e09a367e4a38c,14/05/2020,MAIO,QUINTA-FEIRA,09,1
46393810,ba380fbc86a647bfbd2cd7df7db2f0de,14/07/2020,JULHO,TERCA-FEIRA,09,1
119666647,5201314d3f22452a83a61ac27e13c069,11/03/2020,MARCO,QUARTA-FEIRA,10,1
136598883,d8d08d7850134a1da0ca527e337b44b7,16/10/2020,OUTUBRO,SEXTA-FEIRA,09,1
139476289,a06c2690d648494f9177d91fb623c575,07/12/2020,DEZEMBRO,SEGUNDA-FEIRA,12,1
131174861,2f822bab71f8498092b6ba0a4245a722,03/08/2020,AGOSTO,SEGUNDA-FEIRA,11,0
137959729,43e4ce10aef5476ebec242ec72ce6d0e,09/11/2020,NOVEMBRO,SEGUNDA-FEIRA,15,0
119875723,cd8b1e4377334ed198a37780f49fa2fe,14/03/2020,MARCO,SABADO,16,0
48740040,62e5244abf4345ac8a3b0a70caa59972,17/12/2020,DEZEMBRO,QUINTA-FEIRA,22,1
136993683,8f095357973f4033b46308c9213f9981,23/10/2020,OUTUBRO,SEXTA-FEIRA,08,0
46440746,5ce095386bc647a7b7c7734bb948ae79,17/07/2020,JULHO,SEXTA-FEIRA,15,1
126118867,c162de451248401b94dc17e4d5bdc0df,14/05/2020,MAIO,QUINTA-FEIRA,11,0
46499972,cb949bcaa5f34e4fbba989caae0ab3ca,24/07/2020,JULHO,SEXTA-FEIRA,01,1
118663681,15155fa725f048b3a4c6b3b10a7aa733,24/02/2020,FEVEREIRO,SEGUNDA-FEIRA,15,1
48710668,c4abac3d07954e3ba8e0bed46a093311,16/12/2020,DEZEMBRO,QUARTA-FEIRA,12,1
129850867,bf4bff21864f48c6ae50a46e49992e93,10/07/2020,JULHO,SEXTA-FEIRA,07,1
139361723,d498da926d36460a9ff22c6ffc51d15e,04/12/2020,DEZEMBRO,SEXTA-FEIRA,11,1
134341725,7ec2efdd4fe74f55830bbadf68fc3bff,29/09/2020,SETEMBRO,TERCA-FEIRA,10,0
123534691,191148ff29c64629b1edf90bfb721256,16/04/2020,ABRIL,QUINTA-FEIRA,10,1
140106313,019d690a96604a049ed58eea48a732a1,18/12/2020,DEZEMBRO,SEXTA-FEIRA,16,1
134898217,eab8fbcc286f4561aa6f74301c16572c,08/10/2020,OUTUBRO,QUINTA-FEIRA,13,0
46769918,86bc0a74ac0847a9b66a15227a9a4a66,19/08/2020,AGOSTO,QUARTA-FEIRA,22,1
128172679,056d32ffaff0404abbf2d11981967360,16/06/2020,JUNHO,TERCA-FEIRA,18,1
139638615,9178c84edb114f91a595fd45c259f61c,10/12/2020,DEZEMBRO,QUINTA-FEIRA,13,1
137980063,044b66daadb84aaf837dc5f3799571a4,09/11/2020,NOVEMBRO,SEGUNDA-FEIRA,13,1
48577058,6c3344cc7c0d4639b8b3df378ef7e30e,05/12/2020,DEZEMBRO,SABADO,12,1
137912089,bc424f7062ca42df81c40bcc8205f48b,09/11/2020,NOVEMBRO,SEGUNDA-FEIRA,09,0
131262151,49699183fea34998bebab46ffcc23eae,04/08/2020,AGOSTO,TERCA-FEIRA,12,1
122337043,056d32ffaff0404abbf2d11981967360,08/04/2020,ABRIL,QUARTA-FEIRA,23,0
128530817,29f0981acc12435f8d8b108e420b7591,22/06/2020,JUNHO,SEGUNDA-FEIRA,15,1
128494265,270a3d5a6141454b9326e73e207cb870,22/06/2020,JUNHO,SEGUNDA-FEIRA,11,1
46449204,1c4dfc62745b430e8e5584632d6ed959,19/07/2020,JULHO,DOMINGO,16,1
46504716,3ee42f9bb7184e47967bba974780ca1f,24/07/2020,JULHO,SEXTA-FEIRA,14,1
138342705,b75365c1ed964c6f9cd5dc65ff435bfb,16/11/2020,NOVEMBRO,SEGUNDA-FEIRA,12,0
137795487,30b73979f70541d6857e2f86872adfed,06/11/2020,NOVEMBRO,SEXTA-FEIRA,10,1
119651261,776b3cb9d8144952bd4f4d20321b3745,10/03/2020,MARCO,TERCA-FEIRA,21,0
122881979,e292708e4af248108f5ba4c5fb3ad034,13/04/2020,ABRIL,SEGUNDA-FEIRA,13,0
44802420,7ad2ca11c66146888d0f48b802903f80,18/05/2020,MAIO,SEGUNDA-FEIRA,13,1
137734409,070c23788c204562939d94acd76a0f59,05/11/2020,NOVEMBRO,QUINTA-FEIRA,10,1
139214629,a7cc7732a9364f8b86ba8ece9163a13b,02/12/2020,DEZEMBRO,QUARTA-FEIRA,11,0
140605387,f04b82907d58474dac86d748087fbd95,30/12/2020,DEZEMBRO,QUARTA-FEIRA,13,1
140271019,01cf067f2e344065ad4b286e56830218,22/12/2020,DEZEMBRO,TERCA-FEIRA,16,1
133742237,4694534a1101482b927c45d08d44e4b0,18/09/2020,SETEMBRO,SEXTA-FEIRA,14,1
122409471,fef1d086633e4e31a8d061d7cdfce6c9,09/04/2020,ABRIL,QUINTA-FEIRA,13,0
134790211,500b9bf864ff46f99ec630543c7c0bb9,07/10/2020,OUTUBRO,QUARTA-FEIRA,08,1
44806140,1f35a3dde40242c182c6e6f36220f704,18/05/2020,MAIO,SEGUNDA-FEIRA,14,1
138601061,7fb527ecc6304365aeb126ca8f4cc88f,20/11/2020,NOVEMBRO,SEXTA-FEIRA,08,0
137298197,6acd263725574db98607762c5f800562,28/10/2020,OUTUBRO,QUARTA-FEIRA,16,1
46681872,342f6adede604e2d87d640288455a86c,11/08/2020,AGOSTO,TERCA-FEIRA,21,1
139109221,4d87c231784044ec8cfa3289d72664cc,30/11/2020,NOVEMBRO,SEGUNDA-FEIRA,11,1
134866645,4d87c231784044ec8cfa3289d72664cc,08/10/2020,OUTUBRO,QUINTA-FEIRA,09,1
46498756,40897170c9d547c583fbbf0492cc78df,23/07/2020,JULHO,QUINTA-FEIRA,17,1
46853758,de077c13fd83467ab2ddb1267a9f99ef,26/08/2020,AGOSTO,QUARTA-FEIRA,12,1
117800053,f04b82907d58474dac86d748087fbd95,11/02/2020,FEVEREIRO,TERCA-FEIRA,11,1
139734075,a06c2690d648494f9177d91fb623c575,11/12/2020,DEZEMBRO,SEXTA-FEIRA,16,1
124846205,304acc1b8894498c82dd1092e7d86849,29/04/2020,ABRIL,QUARTA-FEIRA,15,0
132352883,60ed128f63d741e69ac55060fc5e95a2,25/08/2020,AGOSTO,TERCA-FEIRA,14,1
41544768,00b65a70bcf94365bd3b5629cc084327,12/03/2020,MARCO,QUINTA-FEIRA,08,1
137794747,39e44c0942824f99bfa6de1108598f79,06/11/2020,NOVEMBRO,SEXTA-FEIRA,09,0
137199897,0688dba18bbc4e9ab8cbf2c92703659b,27/10/2020,OUTUBRO,TERCA-FEIRA,11,1
48836846,f746244e419c4f84828ec7cc279c227f,29/12/2020,DEZEMBRO,TERCA-FEIRA,09,1
48792560,5433e600aa194b5fa9033cdc7ef51a4b,22/12/2020,DEZEMBRO,TERCA-FEIRA,22,1
47574150,d6d15f0a48b04683bd06c60526e9f0c1,02/10/2020,OUTUBRO,SEXTA-FEIRA,11,1
47481170,fe92248729c44f448481c5780127e6d1,25/09/2020,SETEMBRO,SEXTA-FEIRA,13,1
127347629,6657241c0c5b4c48a049e86c34855bfc,01/06/2020,JUNHO,SEGUNDA-FEIRA,16,1
132126545,bf134df621db45be8cf340e85aa16d27,20/08/2020,AGOSTO,QUINTA-FEIRA,15,1
119802077,78ceb86e84eb4f08825f5a057bf8f3c3,13/03/2020,MARCO,SEXTA-FEIRA,09,1
139366391,2c90e6aa8e484ab781d51f9906c7d7d9,04/12/2020,DEZEMBRO,SEXTA-FEIRA,12,0
47675708,eab8fbcc286f4561aa6f74301c16572c,09/10/2020,OUTUBRO,SEXTA-FEIRA,15,1
139124639,3a78c487bea845b08dfbfe607c308367,30/11/2020,NOVEMBRO,SEGUNDA-FEIRA,13,0
140546935,beef7659636e4672b38d1999dd79ba93,29/12/2020,DEZEMBRO,TERCA-FEIRA,15,1
44978612,cf17acee2b0b468c937d302dee665c33,22/05/2020,MAIO,SEXTA-FEIRA,15,1
132990087,3a78c487bea845b08dfbfe607c308367,04/09/2020,SETEMBRO,SEXTA-FEIRA,18,0
118505553,d8d08d7850134a1da0ca527e337b44b7,21/02/2020,FEVEREIRO,SEXTA-FEIRA,10,1
138930379,7ad2ca11c66146888d0f48b802903f80,26/11/2020,NOVEMBRO,QUINTA-FEIRA,13,1
45071540,c162de451248401b94dc17e4d5bdc0df,27/05/2020,MAIO,QUARTA-FEIRA,12,1
121602455,4af58c51a9874150922e795e04665cbf,02/04/2020,ABRIL,QUINTA-FEIRA,12,1
48179030,d0da5674975f41bdbffafb4517e446d9,13/11/2020,NOVEMBRO,SEXTA-FEIRA,08,1
139736967,b9d8ea8021654c30a01f5bd266ac8eb0,11/12/2020,DEZEMBRO,SEXTA-FEIRA,16,1
117848103,d51e057159c944a8aa70a03278d66b76,11/02/2020,FEVEREIRO,TERCA-FEIRA,18,0
139278811,c71ac7d64c174cd39053ffb7115e895d,03/12/2020,DEZEMBRO,QUINTA-FEIRA,09,0
48739718,999dc7e2ad0640419092fff1fa72e05c,17/12/2020,DEZEMBRO,QUINTA-FEIRA,20,1
118024963,d3ba89973f5c4778bbdc6a8e408715d5,13/02/2020,FEVEREIRO,QUINTA-FEIRA,19,1
127852663,478f1d1946054e38a66fb3da38ef755e,09/06/2020,JUNHO,TERCA-FEIRA,17,1
43553952,e5db3c978eab4bbba0c9e7a09596d77f,24/04/2020,ABRIL,SEXTA-FEIRA,12,1
132432773,776871c9b81b4998aa63a04b0311977a,26/08/2020,AGOSTO,QUARTA-FEIRA,14,1
137436707,5b4349844f364243949803d18fe156ea,30/10/2020,OUTUBRO,SEXTA-FEIRA,16,1
134267617,d6d15f0a48b04683bd06c60526e9f0c1,28/09/2020,SETEMBRO,SEGUNDA-FEIRA,10,1
124269697,c162de451248401b94dc17e4d5bdc0df,26/04/2020,ABRIL,DOMINGO,05,1
140294711,a3c8d94747994b3ba71aa4bf8693e9fa,23/12/2020,DEZEMBRO,QUARTA-FEIRA,10,1
44744336,5752221717994b2dada61786c6e4a372,15/05/2020,MAIO,SEXTA-FEIRA,12,1
132620343,226f632dd8754fc6b99594cc6b1fcb0a,29/08/2020,AGOSTO,SABADO,19,0
47240554,53b1ea7e1b67444f9ea948bc96d256cb,14/09/2020,SETEMBRO,SEGUNDA-FEIRA,15,1
124901467,a34292e443474c678501176be35bcac7,30/04/2020,ABRIL,QUINTA-FEIRA,11,0
134958293,df0da1fd1fa54a40acb6648bbf3749a7,09/10/2020,OUTUBRO,SEXTA-FEIRA,11,1
139606303,812535cc13334a4dba1f92655cd752f4,09/12/2020,DEZEMBRO,QUARTA-FEIRA,18,1
140312121,62e5244abf4345ac8a3b0a70caa59972,23/12/2020,DEZEMBRO,QUARTA-FEIRA,13,1
135079821,35fda130b8e44ed0ad453322ef83cf15,12/10/2020,OUTUBRO,SEGUNDA-FEIRA,15,0
47850336,0688dba18bbc4e9ab8cbf2c92703659b,21/10/2020,OUTUBRO,QUARTA-FEIRA,22,1
138971845,f22dbc0bd72a48f5ad0f69d2d7225c76,27/11/2020,NOVEMBRO,SEXTA-FEIRA,09,1
47309760,dd63273b339f4d22aecadacfdce6348e,17/09/2020,SETEMBRO,QUINTA-FEIRA,17,1
48613272,f8ac210d18b64fd183d178e02916a600,09/12/2020,DEZEMBRO,QUARTA-FEIRA,14,1
119485119,7af144d5f2e64a598707726ebf853529,09/03/2020,MARCO,SEGUNDA-FEIRA,09,1
48183794,76e7529747ad4f03b60e2c1fb1ff6f59,13/11/2020,NOVEMBRO,SEXTA-FEIRA,10,1
133518795,d02b3f88a772486385642416b78714cc,15/09/2020,SETEMBRO,TERCA-FEIRA,08,1
140075913,c67e143369ac422697907254d4377c10,18/12/2020,DEZEMBRO,SEXTA-FEIRA,12,1
44051852,0688dba18bbc4e9ab8cbf2c92703659b,27/04/2020,ABRIL,SEGUNDA-FEIRA,18,1
129952433,f17793b51e3c4d86ae1b9387599f219c,13/07/2020,JULHO,SEGUNDA-FEIRA,09,1
48154110,ad733fdb961b4ca391c09548caaa4169,11/11/2020,NOVEMBRO,QUARTA-FEIRA,18,1
137978673,f17793b51e3c4d86ae1b9387599f219c,09/11/2020,NOVEMBRO,SEGUNDA-FEIRA,20,1
48768026,e29dad34c6254fc3a2639ff50e9db456,21/12/2020,DEZEMBRO,SEGUNDA-FEIRA,09,1
47899554,86bc0a74ac0847a9b66a15227a9a4a66,24/10/2020,OUTUBRO,SABADO,12,1
140468565,d1e8667df91c4daea6763620aaac80bf,28/12/2020,DEZEMBRO,SEGUNDA-FEIRA,16,1
140549377,6657241c0c5b4c48a049e86c34855bfc,29/12/2020,DEZEMBRO,TERCA-FEIRA,16,1
48185022,76e7529747ad4f03b60e2c1fb1ff6f59,13/11/2020,NOVEMBRO,SEXTA-FEIRA,13,1
131949817,23723b5ae2b04710a45930c4fcb6458b,18/08/2020,AGOSTO,TERCA-FEIRA,07,0
139128157,683bddb32679404c93307cbbe8a8e0d0,30/11/2020,NOVEMBRO,SEGUNDA-FEIRA,14,0
123457955,26707cdbc7834971bbd7489cfad78632,15/04/2020,ABRIL,QUARTA-FEIRA,11,0
125481119,6657241c0c5b4c48a049e86c34855bfc,05/05/2020,MAIO,TERCA-FEIRA,14,0
139162779,ba3bdcfcf8f0496db4c6182552d52f3e,01/12/2020,DEZEMBRO,TERCA-FEIRA,10,0
132792179,f3d5ceb1e8bf4088bd24d1c37a2bc257,02/09/2020,SETEMBRO,QUARTA-FEIRA,08,0
134896093,c3c1b1333e7d4c1c9e11a0b187d601ed,08/10/2020,OUTUBRO,QUINTA-FEIRA,13,1
126123507,7459dcc597624e6abf98e0047e4f0037,14/05/2020,MAIO,QUINTA-FEIRA,11,0
45761520,58f19d9ca083478c98a715287b2e356c,22/06/2020,JUNHO,SEGUNDA-FEIRA,13,1
47853178,750730082872454a8fbe6b74eac2f2c1,22/10/2020,OUTUBRO,QUINTA-FEIRA,01,1
44605530,2635f802d278433e88d882ef9607992c,08/05/2020,MAIO,SEXTA-FEIRA,16,1
137688075,dcd98ccd292f4f34950616a47e954e7a,04/11/2020,NOVEMBRO,QUARTA-FEIRA,13,1
124660883,270043c950d640df8904ddd376a8c3de,27/04/2020,ABRIL,SEGUNDA-FEIRA,14,0
44537398,270043c950d640df8904ddd376a8c3de,06/05/2020,MAIO,QUARTA-FEIRA,11,1
128971557,f17793b51e3c4d86ae1b9387599f219c,28/06/2020,JUNHO,DOMINGO,19,0
140011557,6168487489254a88b67b42ca992bca3c,17/12/2020,DEZEMBRO,QUINTA-FEIRA,11,1
139713869,bf48a499f69f4e7ebde26d4920a3c623,11/12/2020,DEZEMBRO,SEXTA-FEIRA,13,1
126413683,bf4bff21864f48c6ae50a46e49992e93,18/05/2020,MAIO,SEGUNDA-FEIRA,17,1
41729174,b0665056a0884f1b888dddd75974544d,23/03/2020,MARCO,SEGUNDA-FEIRA,12,1
46415584,256fbb9a30f74256ae6808e95a1b1501,15/07/2020,JULHO,QUARTA-FEIRA,13,1
48072966,39e5210d4e574407a2c15e0052421ac7,06/11/2020,NOVEMBRO,SEXTA-FEIRA,10,1
121148951,76e7529747ad4f03b60e2c1fb1ff6f59,30/03/2020,MARCO,SEGUNDA-FEIRA,14,0
130830077,abbafced7cde4634ade4de593e527f3e,28/07/2020,JULHO,TERCA-FEIRA,11,0
120952575,4694534a1101482b927c45d08d44e4b0,27/03/2020,MARCO,SEXTA-FEIRA,15,0
47038942,4fc83310c9cc44ef8e2bbdf850ff5187,02/09/2020,SETEMBRO,QUARTA-FEIRA,10,1
45863564,4d87c231784044ec8cfa3289d72664cc,24/06/2020,JUNHO,QUARTA-FEIRA,16,1
137569405,6b0d9ae5c9d84823a5f90309e61cf324,02/11/2020,NOVEMBRO,SEGUNDA-FEIRA,17,1
119132755,1fc2057fc26043e6870d4e791d87ed09,02/03/2020,MARCO,SEGUNDA-FEIRA,17,0
123432005,59fc44b7a1f6493fbb957d92edc3a7f9,15/04/2020,ABRIL,QUARTA-FEIRA,09,1
138656165,38d33a3ce7c040349753cad4973fd7db,20/11/2020,NOVEMBRO,SEXTA-FEIRA,17,1
127870851,9a02e3747f23406cb075c610bde7554e,10/06/2020,JUNHO,QUARTA-FEIRA,14,0
48847452,fb70efff2a024ed9801936e1fd41a257,29/12/2020,DEZEMBRO,TERCA-FEIRA,16,1
44169878,270043c950d640df8904ddd376a8c3de,01/05/2020,MAIO,SEXTA-FEIRA,14,1
133563387,4d87c231784044ec8cfa3289d72664cc,15/09/2020,SETEMBRO,TERCA-FEIRA,16,1
133472681,b75365c1ed964c6f9cd5dc65ff435bfb,14/09/2020,SETEMBRO,SEGUNDA-FEIRA,11,0
140536439,5fd28500df6d4a65aa0197fb545bdc19,29/12/2020,DEZEMBRO,TERCA-FEIRA,14,0
132478499,0ca60b75fc5a443b940cdead230077c9,27/08/2020,AGOSTO,QUINTA-FEIRA,11,0
120381475,5545de7562fd4c6596b727eb9a8fd26f,23/03/2020,MARCO,SEGUNDA-FEIRA,09,0
130182699,d02b3f88a772486385642416b78714cc,16/07/2020,JULHO,QUINTA-FEIRA,10,0
117977437,f04b82907d58474dac86d748087fbd95,13/02/2020,FEVEREIRO,QUINTA-FEIRA,11,1
40015174,28569a7370d44b7fbe92134d90e9f330,27/01/2020,JANEIRO,SEGUNDA-FEIRA,09,1
121107805,4694534a1101482b927c45d08d44e4b0,30/03/2020,MARCO,SEGUNDA-FEIRA,11,1
48835224,81e29e7d12ef45288419b8a3b25cb337,28/12/2020,DEZEMBRO,SEGUNDA-FEIRA,19,1
46845822,852c6ea0ecaa431baf7584c5eab24bfd,25/08/2020,AGOSTO,TERCA-FEIRA,17,1
122823023,572e26e41f8c4c38a882c7bf9c027ebf,13/04/2020,ABRIL,SEGUNDA-FEIRA,10,0
130621673,9a02e3747f23406cb075c610bde7554e,23/07/2020,JULHO,QUINTA-FEIRA,15,1
137517523,bc89f3433917445694cf64b29d8d90d6,02/11/2020,NOVEMBRO,SEGUNDA-FEIRA,09,0
134185059,a163dec9365a4cb29b99d157ef2fec10,25/09/2020,SETEMBRO,SEXTA-FEIRA,10,1
137708151,070c23788c204562939d94acd76a0f59,04/11/2020,NOVEMBRO,QUARTA-FEIRA,16,0
118070143,a20b6196db8347278fb17c9e793d4d1d,14/02/2020,FEVEREIRO,SEXTA-FEIRA,13,0
46482152,b608617d1ac44c3884165e99c0781d9f,22/07/2020,JULHO,QUARTA-FEIRA,13,1
44976938,cfc1a2ca71b24fd5a8e414f121fec073,22/05/2020,MAIO,SEXTA-FEIRA,15,1
126086027,f3d5ceb1e8bf4088bd24d1c37a2bc257,13/05/2020,MAIO,QUARTA-FEIRA,16,0
129272167,c1f6cb6af1f044318cea69e551be320b,01/07/2020,JULHO,QUARTA-FEIRA,13,1
47022660,df0da1fd1fa54a40acb6648bbf3749a7,01/09/2020,SETEMBRO,TERCA-FEIRA,15,1
132159115,5ce61132269e47c9a50a948a8bb503f7,21/08/2020,AGOSTO,SEXTA-FEIRA,10,1
138095503,8eeacd1cf2c74f18b15c2c0b819f33eb,11/11/2020,NOVEMBRO,QUARTA-FEIRA,16,0
46142084,5ab4976fd0694663b84bef9f5a6f733c,02/07/2020,JULHO,QUINTA-FEIRA,21,1
48354288,a79682378e474d7fa5a481fd20253b46,17/11/2020,NOVEMBRO,TERCA-FEIRA,11,1
126634119,cb3428bd8eed46819ef6f329a9c947d7,21/05/2020,MAIO,QUINTA-FEIRA,09,0
124847419,304acc1b8894498c82dd1092e7d86849,29/04/2020,ABRIL,QUARTA-FEIRA,15,0
48438724,c451eee1eba24c5ea4d9b3c4f79cff9a,23/11/2020,NOVEMBRO,SEGUNDA-FEIRA,21,1
130472875,cd8b1e4377334ed198a37780f49fa2fe,21/07/2020,JULHO,TERCA-FEIRA,15,0
131675009,270a3d5a6141454b9326e73e207cb870,12/08/2020,AGOSTO,QUARTA-FEIRA,09,1
117744335,cd8b1e4377334ed198a37780f49fa2fe,10/02/2020,FEVEREIRO,SEGUNDA-FEIRA,17,0
129584339,cd8b1e4377334ed198a37780f49fa2fe,06/07/2020,JULHO,SEGUNDA-FEIRA,20,0
138761191,23cd1332b58e4897b703e7335323156f,23/11/2020,NOVEMBRO,SEGUNDA-FEIRA,17,0
41536134,5752221717994b2dada61786c6e4a372,11/03/2020,MARCO,QUARTA-FEIRA,16,1
133971123,0031e92d064a43c496d2e811441dafad,22/09/2020,SETEMBRO,TERCA-FEIRA,09,0
130938179,ce4b57d989544c38bdd8ec08aa01fe6c,29/07/2020,JULHO,QUARTA-FEIRA,16,0
125315781,beef7659636e4672b38d1999dd79ba93,04/05/2020,MAIO,SEGUNDA-FEIRA,09,0
127156365,52c1e102fc954ab9ade8b9c55fbb175b,28/05/2020,MAIO,QUINTA-FEIRA,17,0
119055713,15981485c0ea4780b8d28454f214b24d,02/03/2020,MARCO,SEGUNDA-FEIRA,09,0
133877739,17d932e6fbb1454b92c48bad8b148806,20/09/2020,SETEMBRO,DOMINGO,12,1
129806221,bf4bff21864f48c6ae50a46e49992e93,09/07/2020,JULHO,QUINTA-FEIRA,12,1
137556891,c377eca363c245a080bb219f56d31f4b,02/11/2020,NOVEMBRO,SEGUNDA-FEIRA,15,1
138508427,2becbe6f7e8b467e9dfc5cc9bdb3e795,18/11/2020,NOVEMBRO,QUARTA-FEIRA,15,1
124931579,be2f667e703045ce91883641e8c6c0fe,30/04/2020,ABRIL,QUINTA-FEIRA,15,1
139713693,a0d1c3ac074f46e0bed2033e3b850b73,11/12/2020,DEZEMBRO,SEXTA-FEIRA,14,1
124962577,78ceb86e84eb4f08825f5a057bf8f3c3,01/05/2020,MAIO,SEXTA-FEIRA,08,0
132654593,24ccf950b38945078c3b9370d4847204,31/08/2020,AGOSTO,SEGUNDA-FEIRA,09,0
139967411,e0c29d0052bf4d61aa247f44c240712a,16/12/2020,DEZEMBRO,QUARTA-FEIRA,15,1
140266483,72e08d08e7534edd8f791f339341df2a,22/12/2020,DEZEMBRO,TERCA-FEIRA,16,1
46628058,d3ed306efb4e4bd583eca8fc686c7b63,06/08/2020,AGOSTO,QUINTA-FEIRA,09,1
139251271,e2db970a519741d7a8b6455dcfb93357,02/12/2020,DEZEMBRO,QUARTA-FEIRA,16,1
129462031,5dc4626baf9a467f95d9579c98d63524,04/07/2020,JULHO,SABADO,10,0
133972881,cd882ee169574da19346654480c43ea3,22/09/2020,SETEMBRO,TERCA-FEIRA,09,1
47547156,cb949bcaa5f34e4fbba989caae0ab3ca,30/09/2020,SETEMBRO,QUARTA-FEIRA,21,1
48046434,044b66daadb84aaf837dc5f3799571a4,04/11/2020,NOVEMBRO,QUARTA-FEIRA,13,1
137706211,23723b5ae2b04710a45930c4fcb6458b,04/11/2020,NOVEMBRO,QUARTA-FEIRA,16,0
131118005,d6d15f0a48b04683bd06c60526e9f0c1,01/08/2020,AGOSTO,SABADO,14,0
130539225,5752221717994b2dada61786c6e4a372,22/07/2020,JULHO,QUARTA-FEIRA,13,1
131502275,c01cf162fd6b4c008d0a3b53acd462c8,08/08/2020,AGOSTO,SABADO,08,0
123876505,8f095357973f4033b46308c9213f9981,21/04/2020,ABRIL,TERCA-FEIRA,14,1
134851145,1645ee6b29c747ea973f891fecc560d4,07/10/2020,OUTUBRO,QUARTA-FEIRA,19,0
47767280,0a5f1533de0248549fbaabc6d19c5e53,15/10/2020,OUTUBRO,QUINTA-FEIRA,21,1
139114659,f144787cc89a4fab9bececcedf5d5595,30/11/2020,NOVEMBRO,SEGUNDA-FEIRA,12,1
129679045,cd8b1e4377334ed198a37780f49fa2fe,08/07/2020,JULHO,QUARTA-FEIRA,09,0
131665891,4d37973b9cc44d4cace26e4a73ccca73,12/08/2020,AGOSTO,QUARTA-FEIRA,08,1
48350828,c162de451248401b94dc17e4d5bdc0df,17/11/2020,NOVEMBRO,TERCA-FEIRA,10,1
117440181,59fc44b7a1f6493fbb957d92edc3a7f9,07/02/2020,FEVEREIRO,SEXTA-FEIRA,14,0
117410985,342f6adede604e2d87d640288455a86c,07/02/2020,FEVEREIRO,SEXTA-FEIRA,12,1
47748264,478f1d1946054e38a66fb3da38ef755e,15/10/2020,OUTUBRO,QUINTA-FEIRA,10,1
47807996,5b4349844f364243949803d18fe156ea,19/10/2020,OUTUBRO,SEGUNDA-FEIRA,13,1
125555793,c831f4635aed47dc91d5d3808b7e6b89,06/05/2020,MAIO,QUARTA-FEIRA,12,1
118902827,056d32ffaff0404abbf2d11981967360,27/02/2020,FEVEREIRO,QUINTA-FEIRA,22,1
138807325,a20b6196db8347278fb17c9e793d4d1d,24/11/2020,NOVEMBRO,TERCA-FEIRA,14,0
139253741,0e2d3c52f1754c1cb473c3fece176b28,02/12/2020,DEZEMBRO,QUARTA-FEIRA,16,1
132425595,aa414af793d143e799b672a39065edd0,26/08/2020,AGOSTO,QUARTA-FEIRA,14,1
139457555,7f04f0b9d40b47edb46f675e4dd1a263,07/12/2020,DEZEMBRO,SEGUNDA-FEIRA,10,0
123432051,bf4bff21864f48c6ae50a46e49992e93,15/04/2020,ABRIL,QUARTA-FEIRA,09,1
134529891,c09699189dd048089fd2816055d2c0e7,01/10/2020,OUTUBRO,QUINTA-FEIRA,15,1
132900797,b0a797ed6c39419d9cba96f6e6fb04bf,03/09/2020,SETEMBRO,QUINTA-FEIRA,14,0
139656873,3058cabb35f64e7592aaf19daf615fd6,10/12/2020,DEZEMBRO,QUINTA-FEIRA,15,1
137534069,df0da1fd1fa54a40acb6648bbf3749a7,02/11/2020,NOVEMBRO,SEGUNDA-FEIRA,11,1
48420354,98099033f9f64b82be7620182e42f39e,22/11/2020,NOVEMBRO,DOMINGO,16,1
133904329,78ceb86e84eb4f08825f5a057bf8f3c3,21/09/2020,SETEMBRO,SEGUNDA-FEIRA,09,0
122414043,fecc0b4a8ab8479cb73bb206d18e10c3,09/04/2020,ABRIL,QUINTA-FEIRA,14,0
47604542,cb949bcaa5f34e4fbba989caae0ab3ca,05/10/2020,OUTUBRO,SEGUNDA-FEIRA,23,1
134617761,62e125d4c5904cec86e4f816ece8df61,02/10/2020,OUTUBRO,SEXTA-FEIRA,14,1
48616104,50c93567854d4a70b1dba545dc825ba6,09/12/2020,DEZEMBRO,QUARTA-FEIRA,18,1
127389869,107d82267a5c4899b97c3d97a975eb51,02/06/2020,JUNHO,TERCA-FEIRA,10,1
130190163,98099033f9f64b82be7620182e42f39e,16/07/2020,JULHO,QUINTA-FEIRA,12,1
139592445,fa58aa8ff4b54c8fa1d278181f86e6ae,09/12/2020,DEZEMBRO,QUARTA-FEIRA,15,1
136730829,6c2274bb1dd0487e9e8fa8aca35ade91,19/10/2020,OUTUBRO,SEGUNDA-FEIRA,15,1
126641387,77c6a00943c340089a89368a149d8ee7,21/05/2020,MAIO,QUINTA-FEIRA,10,1
43379772,107c40186ad0458c974ea02e6681a665,16/04/2020,ABRIL,QUINTA-FEIRA,11,1
137261421,56738bdf72bd4f70a8987df63bdf9a41,28/10/2020,OUTUBRO,QUARTA-FEIRA,12,0
138712537,f144787cc89a4fab9bececcedf5d5595,23/11/2020,NOVEMBRO,SEGUNDA-FEIRA,09,0
134856659,76e7529747ad4f03b60e2c1fb1ff6f59,08/10/2020,OUTUBRO,QUINTA-FEIRA,05,0
133655631,8eeacd1cf2c74f18b15c2c0b819f33eb,17/09/2020,SETEMBRO,QUINTA-FEIRA,10,0
41251042,d498da926d36460a9ff22c6ffc51d15e,24/02/2020,FEVEREIRO,SEGUNDA-FEIRA,19,1
127024565,3c97e5fb8cc7445fa09cc0fa4231a320,27/05/2020,MAIO,QUARTA-FEIRA,09,1
136687253,d8d08d7850134a1da0ca527e337b44b7,19/10/2020,OUTUBRO,SEGUNDA-FEIRA,08,1
139730699,11cf9cc7299a43798e1e88c360295ad3,11/12/2020,DEZEMBRO,SEXTA-FEIRA,15,1
48758034,b6d57cd98e6f4650837ab2d4193e2766,19/12/2020,DEZEMBRO,SABADO,17,1
138537309,abafdf30819f40adab902db22f92e5c2,19/11/2020,NOVEMBRO,QUINTA-FEIRA,10,0
139517115,cd8b1e4377334ed198a37780f49fa2fe,08/12/2020,DEZEMBRO,TERCA-FEIRA,10,0
48055018,b031e00ca6454509b2197223836db49d,05/11/2020,NOVEMBRO,QUINTA-FEIRA,06,1
132755475,e29dad34c6254fc3a2639ff50e9db456,01/09/2020,SETEMBRO,TERCA-FEIRA,13,1
126585633,cd8b1e4377334ed198a37780f49fa2fe,20/05/2020,MAIO,QUARTA-FEIRA,14,0
45535218,776871c9b81b4998aa63a04b0311977a,16/06/2020,JUNHO,TERCA-FEIRA,13,1
132063047,13f50698b9244dc29dcf0b7b0320b15d,19/08/2020,AGOSTO,QUARTA-FEIRA,16,1
136552619,564e19b1b2464066b728f755c92dd673,15/10/2020,OUTUBRO,QUINTA-FEIRA,12,0
139124829,826e23c35be2453f91f4fcb2e718f3a0,30/11/2020,NOVEMBRO,SEGUNDA-FEIRA,14,1
129063605,cb7ca5795d7448dc92ff9116337149fe,29/06/2020,JUNHO,SEGUNDA-FEIRA,16,1
47246904,cb949bcaa5f34e4fbba989caae0ab3ca,14/09/2020,SETEMBRO,SEGUNDA-FEIRA,21,1
125921311,17d932e6fbb1454b92c48bad8b148806,11/05/2020,MAIO,SEGUNDA-FEIRA,14,1
132339063,497b3d10c5c641bfafb3b235835df889,25/08/2020,AGOSTO,TERCA-FEIRA,11,1
46333406,ed60f48efa634bc28f2228f0dc61850b,10/07/2020,JULHO,SEXTA-FEIRA,08,1
120938235,4858668d70e64543bc5c183b6217753b,27/03/2020,MARCO,SEXTA-FEIRA,13,1
135079257,1fa4c912814b409b8bb34acd847c390f,12/10/2020,OUTUBRO,SEGUNDA-FEIRA,14,0
138976481,2af312c3495043c492c127c1d5ff89fe,27/11/2020,NOVEMBRO,SEXTA-FEIRA,09,0
128451887,cd8b1e4377334ed198a37780f49fa2fe,21/06/2020,JUNHO,DOMINGO,14,0
47618258,5ce61132269e47c9a50a948a8bb503f7,06/10/2020,OUTUBRO,TERCA-FEIRA,15,1
139617653,ed91f9a6016e49f68dd99e38c41d8a71,10/12/2020,DEZEMBRO,QUINTA-FEIRA,08,1
123441505,776871c9b81b4998aa63a04b0311977a,15/04/2020,ABRIL,QUARTA-FEIRA,10,1
43520146,cb284f17b2394444a92357e0742fa42c,23/04/2020,ABRIL,QUINTA-FEIRA,10,1
139585129,35fda130b8e44ed0ad453322ef83cf15,09/12/2020,DEZEMBRO,QUARTA-FEIRA,14,1
41240162,5187929d08a6478c8fccaf4eaeea9cce,22/02/2020,FEVEREIRO,SABADO,13,1
140171411,019d690a96604a049ed58eea48a732a1,21/12/2020,DEZEMBRO,SEGUNDA-FEIRA,10,0
47399776,c4a2f69f8c2e40a29bca3d95ac3ba316,23/09/2020,SETEMBRO,QUARTA-FEIRA,18,1
48824268,1eb40053b1c342aab6e052c74aa98748,28/12/2020,DEZEMBRO,SEGUNDA-FEIRA,11,1
125585461,7d72d804e05f47de8b03356bb6da8380,06/05/2020,MAIO,QUARTA-FEIRA,15,1
44452352,107c40186ad0458c974ea02e6681a665,04/05/2020,MAIO,SEGUNDA-FEIRA,09,1
116627885,c8c6f83d84d3442cb13cff48938984f4,31/01/2020,JANEIRO,SEXTA-FEIRA,15,1
140007885,f90e47334af04d67935fad5035c25601,17/12/2020,DEZEMBRO,QUINTA-FEIRA,11,1
47241540,53b1ea7e1b67444f9ea948bc96d256cb,14/09/2020,SETEMBRO,SEGUNDA-FEIRA,14,1
118003355,ed0f5dd0b17a4e53ac7e9bfb51494e55,13/02/2020,FEVEREIRO,QUINTA-FEIRA,15,1
140508589,beef7659636e4672b38d1999dd79ba93,29/12/2020,DEZEMBRO,TERCA-FEIRA,10,1
129467677,c6afedd6a9ee4b6c95b140613c52d47c,04/07/2020,JULHO,SABADO,14,0
137385073,d8e8d6d11315455299baa6c3a5b0da64,30/10/2020,OUTUBRO,SEXTA-FEIRA,08,0
48180888,665bdef8b2c745189d81a77d3eacbf8a,12/11/2020,NOVEMBRO,QUINTA-FEIRA,21,1
41884374,5dc4626baf9a467f95d9579c98d63524,28/03/2020,MARCO,SABADO,14,1
136890517,3cb62558262745918722a58ff3bee0d6,21/10/2020,OUTUBRO,QUARTA-FEIRA,15,1
137468655,5bf83367acaa40fcb30ed1832e1abfd6,31/10/2020,OUTUBRO,SABADO,13,1
130117269,256fbb9a30f74256ae6808e95a1b1501,15/07/2020,JULHO,QUARTA-FEIRA,11,1
119582839,15155fa725f048b3a4c6b3b10a7aa733,10/03/2020,MARCO,TERCA-FEIRA,10,0
138986571,d0da5674975f41bdbffafb4517e446d9,27/11/2020,NOVEMBRO,SEXTA-FEIRA,11,0
126756133,270a3d5a6141454b9326e73e207cb870,22/05/2020,MAIO,SEXTA-FEIRA,10,1
124355795,d1e8667df91c4daea6763620aaac80bf,26/04/2020,ABRIL,DOMINGO,13,1
41357942,5dc4626baf9a467f95d9579c98d63524,01/03/2020,MARCO,DOMINGO,22,1
140420767,070c23788c204562939d94acd76a0f59,28/12/2020,DEZEMBRO,SEGUNDA-FEIRA,09,0
134907379,5ba6e3dd1f39490bbea5ca26f50a79e2,08/10/2020,OUTUBRO,QUINTA-FEIRA,15,0
134938121,d6d15f0a48b04683bd06c60526e9f0c1,09/10/2020,OUTUBRO,SEXTA-FEIRA,08,1
47806746,87adca903e4143edb420f433427bd636,19/10/2020,OUTUBRO,SEGUNDA-FEIRA,14,1
134269315,d3ba89973f5c4778bbdc6a8e408715d5,28/09/2020,SETEMBRO,SEGUNDA-FEIRA,10,0
134869821,13b74bc9b8d0424493f30532ed46c520,08/10/2020,OUTUBRO,QUINTA-FEIRA,09,1
44158428,fc203b49141948f6978ee2ce9b20b60f,30/04/2020,ABRIL,QUINTA-FEIRA,20,1
47373020,42d1cb59ef354394bb17795f82679f15,22/09/2020,SETEMBRO,TERCA-FEIRA,11,1
137161587,1e38b0d5026f4d7d8d4440ef95271e68,26/10/2020,OUTUBRO,SEGUNDA-FEIRA,14,1
139285407,3a78c487bea845b08dfbfe607c308367,03/12/2020,DEZEMBRO,QUINTA-FEIRA,10,0
137576255,226f632dd8754fc6b99594cc6b1fcb0a,02/11/2020,NOVEMBRO,SEGUNDA-FEIRA,18,0
47144830,49699183fea34998bebab46ffcc23eae,08/09/2020,SETEMBRO,TERCA-FEIRA,16,1
140300703,67240e31d7db4d598e0f40705e5e8647,23/12/2020,DEZEMBRO,QUARTA-FEIRA,11,1
130365779,d6d15f0a48b04683bd06c60526e9f0c1,20/07/2020,JULHO,SEGUNDA-FEIRA,10,1
40163416,5ab4976fd0694663b84bef9f5a6f733c,31/01/2020,JANEIRO,SEXTA-FEIRA,15,1
137827991,b8ba121e2dbe4b7f9ce5278b71ed68c0,06/11/2020,NOVEMBRO,SEXTA-FEIRA,15,1
137771385,d8e8d6d11315455299baa6c3a5b0da64,05/11/2020,NOVEMBRO,QUINTA-FEIRA,16,0
44810102,fa7e253f3ce347cea79b1ea04bd297b4,18/05/2020,MAIO,SEGUNDA-FEIRA,17,1
119369269,cd8b1e4377334ed198a37780f49fa2fe,05/03/2020,MARCO,QUINTA-FEIRA,16,0
116109019,dd63273b339f4d22aecadacfdce6348e,26/01/2020,JANEIRO,DOMINGO,16,1
132666657,e29dad34c6254fc3a2639ff50e9db456,31/08/2020,AGOSTO,SEGUNDA-FEIRA,11,0
44566884,6657241c0c5b4c48a049e86c34855bfc,07/05/2020,MAIO,QUINTA-FEIRA,10,1
45920888,39e67df38c0a4c49bdac00719e9bbb87,25/06/2020,JUNHO,QUINTA-FEIRA,20,1
46401376,41ee1f1959324992b9792c09ebbe5194,14/07/2020,JULHO,TERCA-FEIRA,11,1
48768040,e29dad34c6254fc3a2639ff50e9db456,21/12/2020,DEZEMBRO,SEGUNDA-FEIRA,09,1
133172089,dea3e4e1796d45cdaf9e4262aab54865,08/09/2020,SETEMBRO,TERCA-FEIRA,16,1
123835847,799e277429ef4581bc4ffbdfda587835,21/04/2020,ABRIL,TERCA-FEIRA,09,1
125474481,776b3cb9d8144952bd4f4d20321b3745,05/05/2020,MAIO,TERCA-FEIRA,13,1
48667220,0a3647bea26b4402aef7e6c6dff3a6d4,14/12/2020,DEZEMBRO,SEGUNDA-FEIRA,19,1
46526542,4694534a1101482b927c45d08d44e4b0,27/07/2020,JULHO,SEGUNDA-FEIRA,23,1
131949349,23723b5ae2b04710a45930c4fcb6458b,18/08/2020,AGOSTO,TERCA-FEIRA,08,0
48422880,3a78c487bea845b08dfbfe607c308367,22/11/2020,NOVEMBRO,DOMINGO,12,1
140313905,ff4fd642886f46469fc7b6c8ab745239,23/12/2020,DEZEMBRO,QUARTA-FEIRA,13,1
138345589,d54f1411d5724ee79f61f51de6cf53cb,16/11/2020,NOVEMBRO,SEGUNDA-FEIRA,13,0
47246788,24ea23283533434bb6055b1e9117dde4,14/09/2020,SETEMBRO,SEGUNDA-FEIRA,20,1
137672901,13f50698b9244dc29dcf0b7b0320b15d,04/11/2020,NOVEMBRO,QUARTA-FEIRA,11,1
124918317,2635f802d278433e88d882ef9607992c,30/04/2020,ABRIL,QUINTA-FEIRA,13,0
132483111,64b2cf522c634d87ab3f317acb44caf1,27/08/2020,AGOSTO,QUINTA-FEIRA,11,1
42015458,cb56f1d702c742b6b41ed2f2c28183e0,02/04/2020,ABRIL,QUINTA-FEIRA,11,1
137708187,070c23788c204562939d94acd76a0f59,04/11/2020,NOVEMBRO,QUARTA-FEIRA,16,1
44689314,026a5ff6d8294209bdaa77ae7635ae8b,13/05/2020,MAIO,QUARTA-FEIRA,01,1
128144279,7443a9ce923f4ad894106deb9a856065,16/06/2020,JUNHO,TERCA-FEIRA,13,0
116645481,54adf6b114ae46f9a08e060756e26ed5,31/01/2020,JANEIRO,SEXTA-FEIRA,17,0
138572465,d14045a12d9a40dba4c47798beebc629,19/11/2020,NOVEMBRO,QUINTA-FEIRA,14,1
140091667,b016d6ec5d7948c0a2425f29509acdc7,18/12/2020,DEZEMBRO,SEXTA-FEIRA,14,0
137962743,1d89ca6e42db42afa4957c6cc2a39b34,09/11/2020,NOVEMBRO,SEGUNDA-FEIRA,16,1
135100945,60ed128f63d741e69ac55060fc5e95a2,13/10/2020,OUTUBRO,TERCA-FEIRA,07,0
127321767,879f3cc7257748809e6782ed73176e17,01/06/2020,JUNHO,SEGUNDA-FEIRA,13,1
119610597,15155fa725f048b3a4c6b3b10a7aa733,10/03/2020,MARCO,TERCA-FEIRA,13,1
119354603,0bbd6cca66e949779a709ec0bb186c67,05/03/2020,MARCO,QUINTA-FEIRA,12,1
120093705,4d87c231784044ec8cfa3289d72664cc,18/03/2020,MARCO,QUARTA-FEIRA,15,1
137440139,67eb8d7841c043cfbc0895ea36b9fa17,30/10/2020,OUTUBRO,SEXTA-FEIRA,16,0
140559023,12a7bb50067d43f18642e46712fd2d38,29/12/2020,DEZEMBRO,TERCA-FEIRA,17,1
48174898,42d1cb59ef354394bb17795f82679f15,12/11/2020,NOVEMBRO,QUINTA-FEIRA,16,1
139472335,39e67df38c0a4c49bdac00719e9bbb87,07/12/2020,DEZEMBRO,SEGUNDA-FEIRA,12,0
48598828,c4abac3d07954e3ba8e0bed46a093311,08/12/2020,DEZEMBRO,TERCA-FEIRA,12,1
119834533,6de2b616ee124331b828d516ee54164d,13/03/2020,MARCO,SEXTA-FEIRA,14,0
124930837,c4abac3d07954e3ba8e0bed46a093311,30/04/2020,ABRIL,QUINTA-FEIRA,15,0
134372725,beef7659636e4672b38d1999dd79ba93,29/09/2020,SETEMBRO,TERCA-FEIRA,14,1
118552589,f04b82907d58474dac86d748087fbd95,21/02/2020,FEVEREIRO,SEXTA-FEIRA,15,1
138824239,783ae4f1e6664972b8f9a08342b10397,24/11/2020,NOVEMBRO,TERCA-FEIRA,16,0
47712436,73eaf2f4bab2436e9466d07571c68764,12/10/2020,OUTUBRO,SEGUNDA-FEIRA,15,1
117716005,783ae4f1e6664972b8f9a08342b10397,10/02/2020,FEVEREIRO,SEGUNDA-FEIRA,14,0
138937677,f144787cc89a4fab9bececcedf5d5595,26/11/2020,NOVEMBRO,QUINTA-FEIRA,14,1
47916262,48b585eeaaa74f49b4999153be898901,26/10/2020,OUTUBRO,SEGUNDA-FEIRA,14,1
139455051,33d2612838214102992f5409a8186428,07/12/2020,DEZEMBRO,SEGUNDA-FEIRA,09,1
139129433,38841307eb5f4102b0ac6902e0d35fda,30/11/2020,NOVEMBRO,SEGUNDA-FEIRA,14,0
138917667,dbceb089294a43239e99f45df0a5982f,26/11/2020,NOVEMBRO,QUINTA-FEIRA,11,1
140455315,e5db3c978eab4bbba0c9e7a09596d77f,28/12/2020,DEZEMBRO,SEGUNDA-FEIRA,14,0
139983041,4d87c231784044ec8cfa3289d72664cc,16/12/2020,DEZEMBRO,QUARTA-FEIRA,17,1
117660247,cd8b1e4377334ed198a37780f49fa2fe,10/02/2020,FEVEREIRO,SEGUNDA-FEIRA,10,0
140608785,c2e497e7ec31457da3906eaa62477be2,30/12/2020,DEZEMBRO,QUARTA-FEIRA,14,1
119787361,db2e7f8a260d40b5a7acb2866471174f,12/03/2020,MARCO,QUINTA-FEIRA,19,0
46157298,1c4dfc62745b430e8e5584632d6ed959,03/07/2020,JULHO,SEXTA-FEIRA,16,1
46516190,62e5244abf4345ac8a3b0a70caa59972,27/07/2020,JULHO,SEGUNDA-FEIRA,09,1
123630411,2e68a6f3d7f142188c55abcd6af298c1,17/04/2020,ABRIL,SEXTA-FEIRA,10,0
131330865,270a3d5a6141454b9326e73e207cb870,05/08/2020,AGOSTO,QUARTA-FEIRA,12,1
120418745,070b9c0cc22d45e8aaf0790d05049999,23/03/2020,MARCO,SEGUNDA-FEIRA,11,0
134534319,d6d15f0a48b04683bd06c60526e9f0c1,01/10/2020,OUTUBRO,QUINTA-FEIRA,16,0
139019221,b21ce0602d6648139ef9659f1ee6ce6f,27/11/2020,NOVEMBRO,SEXTA-FEIRA,16,1
48795864,ed861844169d4945b4cc315aa09805f9,23/12/2020,DEZEMBRO,QUARTA-FEIRA,10,1
117373783,50c93567854d4a70b1dba545dc825ba6,07/02/2020,FEVEREIRO,SEXTA-FEIRA,09,1
48070488,13b74bc9b8d0424493f30532ed46c520,05/11/2020,NOVEMBRO,QUINTA-FEIRA,18,1
138937513,d0da5674975f41bdbffafb4517e446d9,26/11/2020,NOVEMBRO,QUINTA-FEIRA,14,0
134847599,500b9bf864ff46f99ec630543c7c0bb9,07/10/2020,OUTUBRO,QUARTA-FEIRA,17,0
48339794,fd381cb0e85a48ebb40ad831563a6737,16/11/2020,NOVEMBRO,SEGUNDA-FEIRA,13,1
128299395,d8d08d7850134a1da0ca527e337b44b7,18/06/2020,JUNHO,QUINTA-FEIRA,15,0
46771934,d498da926d36460a9ff22c6ffc51d15e,20/08/2020,AGOSTO,QUINTA-FEIRA,09,1
139924715,3d614904cd1541d79e80b00f525e80b3,15/12/2020,DEZEMBRO,TERCA-FEIRA,21,0
134066497,aaebb79a00484e24a32a2f9bfa57ea72,23/09/2020,SETEMBRO,QUARTA-FEIRA,15,0
48471616,b6442741752444f29d01b3ed12371807,26/11/2020,NOVEMBRO,QUINTA-FEIRA,09,1
126739443,cb284f17b2394444a92357e0742fa42c,22/05/2020,MAIO,SEXTA-FEIRA,08,1
119349013,298d4041d01f46ee982316724d9911de,05/03/2020,MARCO,QUINTA-FEIRA,11,1
41100914,f04b82907d58474dac86d748087fbd95,14/02/2020,FEVEREIRO,SEXTA-FEIRA,10,1
139432461,593dd4c5c4184e7ebc96fbad051d6bc6,05/12/2020,DEZEMBRO,SABADO,22,1
122322181,593dd4c5c4184e7ebc96fbad051d6bc6,08/04/2020,ABRIL,QUARTA-FEIRA,17,1
128392981,15155fa725f048b3a4c6b3b10a7aa733,19/06/2020,JUNHO,SEXTA-FEIRA,14,1
47354110,5ce61132269e47c9a50a948a8bb503f7,20/09/2020,SETEMBRO,DOMINGO,18,1
46860962,d6d15f0a48b04683bd06c60526e9f0c1,27/08/2020,AGOSTO,QUINTA-FEIRA,08,1
138352943,c01cf162fd6b4c008d0a3b53acd462c8,16/11/2020,NOVEMBRO,SEGUNDA-FEIRA,14,1
138133447,5eb2efecf246497fa3156903867b4453,12/11/2020,NOVEMBRO,QUINTA-FEIRA,11,1
43504708,191148ff29c64629b1edf90bfb721256,22/04/2020,ABRIL,QUARTA-FEIRA,13,1
136660403,67eb8d7841c043cfbc0895ea36b9fa17,17/10/2020,OUTUBRO,SABADO,14,0
47916268,00b65a70bcf94365bd3b5629cc084327,26/10/2020,OUTUBRO,SEGUNDA-FEIRA,14,1
140297435,fb70efff2a024ed9801936e1fd41a257,23/12/2020,DEZEMBRO,QUARTA-FEIRA,11,1
129970839,c1f6cb6af1f044318cea69e551be320b,13/07/2020,JULHO,SEGUNDA-FEIRA,10,1
139363823,4af58c51a9874150922e795e04665cbf,04/12/2020,DEZEMBRO,SEXTA-FEIRA,12,0
132463113,15155fa725f048b3a4c6b3b10a7aa733,27/08/2020,AGOSTO,QUINTA-FEIRA,09,1
47027978,799e277429ef4581bc4ffbdfda587835,01/09/2020,SETEMBRO,TERCA-FEIRA,18,1
48771404,448e9873b557460b921c09c00ca5f835,21/12/2020,DEZEMBRO,SEGUNDA-FEIRA,12,1
132404423,aa414af793d143e799b672a39065edd0,26/08/2020,AGOSTO,QUARTA-FEIRA,10,1
139706631,4e565ad9e71147cea5095d559cf6220e,11/12/2020,DEZEMBRO,SEXTA-FEIRA,12,1
127592171,0688dba18bbc4e9ab8cbf2c92703659b,04/06/2020,JUNHO,QUINTA-FEIRA,17,0
48387314,df0da1fd1fa54a40acb6648bbf3749a7,19/11/2020,NOVEMBRO,QUINTA-FEIRA,07,1
45589288,5ab4976fd0694663b84bef9f5a6f733c,17/06/2020,JUNHO,QUARTA-FEIRA,16,1
132340065,b376532354a941bd84d1ae4bc765d0b3,25/08/2020,AGOSTO,TERCA-FEIRA,12,0
138223287,89d3c8f79257497e8488aeb2781ecebc,13/11/2020,NOVEMBRO,SEXTA-FEIRA,15,1
140020389,54adf6b114ae46f9a08e060756e26ed5,17/12/2020,DEZEMBRO,QUINTA-FEIRA,13,1
140598971,6657241c0c5b4c48a049e86c34855bfc,30/12/2020,DEZEMBRO,QUARTA-FEIRA,12,1
137714393,4e565ad9e71147cea5095d559cf6220e,04/11/2020,NOVEMBRO,QUARTA-FEIRA,17,1
123936209,342f6adede604e2d87d640288455a86c,22/04/2020,ABRIL,QUARTA-FEIRA,12,1
48536390,28569a7370d44b7fbe92134d90e9f330,02/12/2020,DEZEMBRO,QUARTA-FEIRA,12,1
133467927,3d710a428e0845f7a3a240c28ca618bb,14/09/2020,SETEMBRO,SEGUNDA-FEIRA,11,0
136693857,87adca903e4143edb420f433427bd636,19/10/2020,OUTUBRO,SEGUNDA-FEIRA,09,0
122075727,3058cabb35f64e7592aaf19daf615fd6,07/04/2020,ABRIL,TERCA-FEIRA,13,0
119962339,270043c950d640df8904ddd376a8c3de,16/03/2020,MARCO,SEGUNDA-FEIRA,17,0
119770565,d8d08d7850134a1da0ca527e337b44b7,12/03/2020,MARCO,QUINTA-FEIRA,15,1
131239385,646644bb258e4d2384684ae5ffeee7f0,04/08/2020,AGOSTO,TERCA-FEIRA,09,1
48705368,5f3f3e35864d4fd09160c986784d3427,15/12/2020,DEZEMBRO,TERCA-FEIRA,23,1
140606779,6df82c91d297469a834a0b4cff107e6f,30/12/2020,DEZEMBRO,QUARTA-FEIRA,14,0
45301798,fa7e253f3ce347cea79b1ea04bd297b4,08/06/2020,JUNHO,SEGUNDA-FEIRA,10,1
135033437,5b4349844f364243949803d18fe156ea,12/10/2020,OUTUBRO,SEGUNDA-FEIRA,07,1
48426702,0b323f0ac43e4d39b4f979cbab1e4690,23/11/2020,NOVEMBRO,SEGUNDA-FEIRA,10,1
132713401,56daf308a56a40f598c9a8f98342e0c8,31/08/2020,AGOSTO,SEGUNDA-FEIRA,22,1
119801635,270043c950d640df8904ddd376a8c3de,13/03/2020,MARCO,SEXTA-FEIRA,09,0
120611977,a8325b2a457148af8c5e3d9f6664b783,24/03/2020,MARCO,TERCA-FEIRA,16,0
139380301,2153ffa2529149ab84b30789694996ad,04/12/2020,DEZEMBRO,SEXTA-FEIRA,14,1
125415379,62501d6fea8641feaec8c1f766c7dbb5,04/05/2020,MAIO,SEGUNDA-FEIRA,19,1
123664459,8f095357973f4033b46308c9213f9981,17/04/2020,ABRIL,SEXTA-FEIRA,14,0
48792358,c4a2f69f8c2e40a29bca3d95ac3ba316,22/12/2020,DEZEMBRO,TERCA-FEIRA,20,1
138934633,2f76401db58246eda1200b5aa3395a9f,26/11/2020,NOVEMBRO,QUINTA-FEIRA,14,1
44494524,d901171c667d469b8c675c8fe4b56f08,05/05/2020,MAIO,TERCA-FEIRA,10,1
139708751,a0d1c3ac074f46e0bed2033e3b850b73,11/12/2020,DEZEMBRO,SEXTA-FEIRA,13,1
47788968,d8d08d7850134a1da0ca527e337b44b7,17/10/2020,OUTUBRO,SABADO,15,1
129797825,872b80a3a87a43c78fee78ac7d1a12d6,09/07/2020,JULHO,QUINTA-FEIRA,11,0
137131893,c162de451248401b94dc17e4d5bdc0df,26/10/2020,OUTUBRO,SEGUNDA-FEIRA,09,1
126153713,9aa5025024934cf3abd809c6f812d48d,14/05/2020,MAIO,QUINTA-FEIRA,16,1
134285277,d6d15f0a48b04683bd06c60526e9f0c1,28/09/2020,SETEMBRO,SEGUNDA-FEIRA,12,1
131117881,d6d15f0a48b04683bd06c60526e9f0c1,01/08/2020,AGOSTO,SABADO,13,0
137959527,c01cf162fd6b4c008d0a3b53acd462c8,09/11/2020,NOVEMBRO,SEGUNDA-FEIRA,15,1
47646854,73eaf2f4bab2436e9466d07571c68764,08/10/2020,OUTUBRO,QUINTA-FEIRA,08,1
128453385,76e7529747ad4f03b60e2c1fb1ff6f59,21/06/2020,JUNHO,DOMINGO,18,0
127912401,c4e39de3479642398364851216b113d5,12/06/2020,JUNHO,SEXTA-FEIRA,07,1
137504113,b568bb096e4e41358931d0d33da25e08,01/11/2020,NOVEMBRO,DOMINGO,17,1
137738931,90d171e6e40e49fab2c8de1c89fb1ad1,05/11/2020,NOVEMBRO,QUINTA-FEIRA,11,0
45489296,b8265749f3504295ae219c2451307721,15/06/2020,JUNHO,SEGUNDA-FEIRA,18,1
41271194,e5fb508caefb416d9a3c8c5c76d0d8e0,25/02/2020,FEVEREIRO,TERCA-FEIRA,19,1
45852304,d3ed306efb4e4bd583eca8fc686c7b63,24/06/2020,JUNHO,QUARTA-FEIRA,11,1
139366411,2c90e6aa8e484ab781d51f9906c7d7d9,04/12/2020,DEZEMBRO,SEXTA-FEIRA,12,0
128921855,cd8b1e4377334ed198a37780f49fa2fe,26/06/2020,JUNHO,SEXTA-FEIRA,20,0
48054094,df0da1fd1fa54a40acb6648bbf3749a7,04/11/2020,NOVEMBRO,QUARTA-FEIRA,19,1
134730381,d02b3f88a772486385642416b78714cc,06/10/2020,OUTUBRO,TERCA-FEIRA,11,0
137573923,9febe9e0b61545898d8cc0009c541653,02/11/2020,NOVEMBRO,SEGUNDA-FEIRA,17,1
137696735,665bdef8b2c745189d81a77d3eacbf8a,04/11/2020,NOVEMBRO,QUARTA-FEIRA,15,1
131613133,c4a2f69f8c2e40a29bca3d95ac3ba316,11/08/2020,AGOSTO,TERCA-FEIRA,09,1
46537274,9aa5025024934cf3abd809c6f812d48d,28/07/2020,JULHO,TERCA-FEIRA,15,1
139861573,593dd4c5c4184e7ebc96fbad051d6bc6,14/12/2020,DEZEMBRO,SEGUNDA-FEIRA,22,1
134472837,0bbd6cca66e949779a709ec0bb186c67,30/09/2020,SETEMBRO,QUARTA-FEIRA,21,0
43479870,44823c22021244dcb746240dbde2e4a6,21/04/2020,ABRIL,TERCA-FEIRA,11,1
47286474,d6d15f0a48b04683bd06c60526e9f0c1,16/09/2020,SETEMBRO,QUARTA-FEIRA,15,1
48082592,53b1ea7e1b67444f9ea948bc96d256cb,06/11/2020,NOVEMBRO,SEXTA-FEIRA,16,1
140685993,44e9d0d6994c4dcfbb8d6a5f21e81aee,31/12/2020,DEZEMBRO,QUINTA-FEIRA,15,0
48313200,0195f7c7163449feaea516679c05c7d8,14/11/2020,NOVEMBRO,SABADO,23,1
46519096,b608617d1ac44c3884165e99c0781d9f,27/07/2020,JULHO,SEGUNDA-FEIRA,12,1
121710133,256fbb9a30f74256ae6808e95a1b1501,03/04/2020,ABRIL,SEXTA-FEIRA,10,0
140259867,7443a9ce923f4ad894106deb9a856065,22/12/2020,DEZEMBRO,TERCA-FEIRA,14,1
132996383,0913fc9bad5a485f985e0eb8fa983d4b,05/09/2020,SETEMBRO,SABADO,07,0
47016144,fef1d086633e4e31a8d061d7cdfce6c9,01/09/2020,SETEMBRO,TERCA-FEIRA,11,1
134902103,727673e2245d441b9e2ef07f093d8d8d,08/10/2020,OUTUBRO,QUINTA-FEIRA,14,0
133041397,1c4dfc62745b430e8e5584632d6ed959,07/09/2020,SETEMBRO,SEGUNDA-FEIRA,08,0
140619447,6657241c0c5b4c48a049e86c34855bfc,30/12/2020,DEZEMBRO,QUARTA-FEIRA,15,0
133886761,00b65a70bcf94365bd3b5629cc084327,20/09/2020,SETEMBRO,DOMINGO,15,0
131839033,5abb7307f641435dacf0ebf1936d6667,14/08/2020,AGOSTO,SEXTA-FEIRA,15,1
139131723,12446760007d4ca9819705b0b815af16,30/11/2020,NOVEMBRO,SEGUNDA-FEIRA,15,1
139941195,4d37973b9cc44d4cace26e4a73ccca73,16/12/2020,DEZEMBRO,QUARTA-FEIRA,11,1
134005479,7ad2ca11c66146888d0f48b802903f80,22/09/2020,SETEMBRO,TERCA-FEIRA,14,1
133157703,d6d15f0a48b04683bd06c60526e9f0c1,08/09/2020,SETEMBRO,TERCA-FEIRA,14,1
119800553,c6afedd6a9ee4b6c95b140613c52d47c,13/03/2020,MARCO,SEXTA-FEIRA,09,0
130675553,5ba6e3dd1f39490bbea5ca26f50a79e2,24/07/2020,JULHO,SEXTA-FEIRA,14,0
136712663,2becbe6f7e8b467e9dfc5cc9bdb3e795,19/10/2020,OUTUBRO,SEGUNDA-FEIRA,12,0
139409293,593dd4c5c4184e7ebc96fbad051d6bc6,05/12/2020,DEZEMBRO,SABADO,04,1
137722917,1f17cc62be514d6cbea5712d18e37a49,04/11/2020,NOVEMBRO,QUARTA-FEIRA,12,1
48834048,aece8b84c55a466c8ce1dcc30747291c,28/12/2020,DEZEMBRO,SEGUNDA-FEIRA,20,1
119441353,342f6adede604e2d87d640288455a86c,06/03/2020,MARCO,SEXTA-FEIRA,20,1
140688051,67eb8d7841c043cfbc0895ea36b9fa17,31/12/2020,DEZEMBRO,QUINTA-FEIRA,15,0
46205706,c4e39de3479642398364851216b113d5,07/07/2020,JULHO,TERCA-FEIRA,12,1
122269047,1462126536af4766a10721c2d28954cd,08/04/2020,ABRIL,QUARTA-FEIRA,14,1
118076959,478f1d1946054e38a66fb3da38ef755e,14/02/2020,FEVEREIRO,SEXTA-FEIRA,15,0
119420891,9a02e3747f23406cb075c610bde7554e,06/03/2020,MARCO,SEXTA-FEIRA,14,1
48193776,e455d41a0cc14ed5901ca88c2ce01c5b,13/11/2020,NOVEMBRO,SEXTA-FEIRA,17,1
44701368,6acbd140cb63435fb203607188a3b2f3,13/05/2020,MAIO,QUARTA-FEIRA,14,1
41573976,6de2b616ee124331b828d516ee54164d,13/03/2020,MARCO,SEXTA-FEIRA,16,1
126809735,78ceb86e84eb4f08825f5a057bf8f3c3,22/05/2020,MAIO,SEXTA-FEIRA,19,1
118054043,e5db3c978eab4bbba0c9e7a09596d77f,14/02/2020,FEVEREIRO,SEXTA-FEIRA,10,1
139402953,38841307eb5f4102b0ac6902e0d35fda,04/12/2020,DEZEMBRO,SEXTA-FEIRA,18,0
43407580,62e5244abf4345ac8a3b0a70caa59972,17/04/2020,ABRIL,SEXTA-FEIRA,14,1
125862737,d8d08d7850134a1da0ca527e337b44b7,11/05/2020,MAIO,SEGUNDA-FEIRA,09,0
41868416,4694534a1101482b927c45d08d44e4b0,27/03/2020,MARCO,SEXTA-FEIRA,15,1
118086179,97c6a29dba404f14b69587ce9070f5ea,14/02/2020,FEVEREIRO,SEXTA-FEIRA,15,1
133452399,e29dad34c6254fc3a2639ff50e9db456,14/09/2020,SETEMBRO,SEGUNDA-FEIRA,08,0
127450951,d015b7766a724f489a3d970fd65d9dbf,03/06/2020,JUNHO,QUARTA-FEIRA,08,1
47403100,1f17cc62be514d6cbea5712d18e37a49,24/09/2020,SETEMBRO,QUINTA-FEIRA,11,1
138824591,aa9bb500121c4331818cd79058e80f53,24/11/2020,NOVEMBRO,TERCA-FEIRA,16,1
138138771,b568bb096e4e41358931d0d33da25e08,12/11/2020,NOVEMBRO,QUINTA-FEIRA,12,0
136784327,18ab6227bdb84e8489e912469af9e750,20/10/2020,OUTUBRO,TERCA-FEIRA,13,1
139118107,1db531296c3147efafc9a1ead855d7a3,30/11/2020,NOVEMBRO,SEGUNDA-FEIRA,13,1
140689221,0db8638379a34d5e9b046b9963f81d4f,31/12/2020,DEZEMBRO,QUINTA-FEIRA,15,1
44839886,872b80a3a87a43c78fee78ac7d1a12d6,19/05/2020,MAIO,TERCA-FEIRA,16,1
131318395,de077c13fd83467ab2ddb1267a9f99ef,05/08/2020,AGOSTO,QUARTA-FEIRA,10,1
48526282,c71ac7d64c174cd39053ffb7115e895d,01/12/2020,DEZEMBRO,TERCA-FEIRA,14,1
47663480,1f35a3dde40242c182c6e6f36220f704,08/10/2020,OUTUBRO,QUINTA-FEIRA,20,1
137759469,1b3b2218717348a785bf216d742476ee,05/11/2020,NOVEMBRO,QUINTA-FEIRA,14,1
48318860,30b73979f70541d6857e2f86872adfed,14/11/2020,NOVEMBRO,SABADO,22,1
122268607,1462126536af4766a10721c2d28954cd,08/04/2020,ABRIL,QUARTA-FEIRA,14,0
136613357,76e7529747ad4f03b60e2c1fb1ff6f59,16/10/2020,OUTUBRO,SEXTA-FEIRA,12,0
139730363,b9d8ea8021654c30a01f5bd266ac8eb0,11/12/2020,DEZEMBRO,SEXTA-FEIRA,15,0
138496039,473baf655c2a4231a217b7d3c7ef22bb,18/11/2020,NOVEMBRO,QUARTA-FEIRA,14,1
133288849,8a80c224bea74b96847eb7709ceaad8f,10/09/2020,SETEMBRO,QUINTA-FEIRA,11,1
127466967,b4ffb23176f64e188dbe8f9dfd6e111e,03/06/2020,JUNHO,QUARTA-FEIRA,10,0
134834371,d8d08d7850134a1da0ca527e337b44b7,07/10/2020,OUTUBRO,QUARTA-FEIRA,15,0
48491158,0b323f0ac43e4d39b4f979cbab1e4690,27/11/2020,NOVEMBRO,SEXTA-FEIRA,14,1
132437683,776b3cb9d8144952bd4f4d20321b3745,26/08/2020,AGOSTO,QUARTA-FEIRA,15,1
48740044,62e5244abf4345ac8a3b0a70caa59972,17/12/2020,DEZEMBRO,QUINTA-FEIRA,22,1
117127169,c8c6f83d84d3442cb13cff48938984f4,05/02/2020,FEVEREIRO,QUARTA-FEIRA,14,0
138713879,78ceb86e84eb4f08825f5a057bf8f3c3,23/11/2020,NOVEMBRO,SEGUNDA-FEIRA,09,0
123625659,2e68a6f3d7f142188c55abcd6af298c1,17/04/2020,ABRIL,SEXTA-FEIRA,10,1
133610793,de077c13fd83467ab2ddb1267a9f99ef,16/09/2020,SETEMBRO,QUARTA-FEIRA,13,0
126787893,cb7ca5795d7448dc92ff9116337149fe,22/05/2020,MAIO,SEXTA-FEIRA,14,1
123745429,14cee6bd7daa4cad8c69490b227d5c28,20/04/2020,ABRIL,SEGUNDA-FEIRA,09,1
48391924,0b323f0ac43e4d39b4f979cbab1e4690,19/11/2020,NOVEMBRO,QUINTA-FEIRA,13,1
131729947,270a3d5a6141454b9326e73e207cb870,13/08/2020,AGOSTO,QUINTA-FEIRA,08,1
138138147,8ff636bbba5d4cd8993ab2cc64e1a625,12/11/2020,NOVEMBRO,QUINTA-FEIRA,12,0
48856264,5187929d08a6478c8fccaf4eaeea9cce,30/12/2020,DEZEMBRO,QUARTA-FEIRA,11,1
136806957,2db37f5e1ef9428ea7cd5862f99e6792,20/10/2020,OUTUBRO,TERCA-FEIRA,15,1
126083529,304acc1b8894498c82dd1092e7d86849,13/05/2020,MAIO,QUARTA-FEIRA,16,1
41270362,00b65a70bcf94365bd3b5629cc084327,26/02/2020,FEVEREIRO,QUARTA-FEIRA,09,1
125981437,4472807309e54555ae45930dfc283b02,12/05/2020,MAIO,TERCA-FEIRA,11,0
48028212,478f1d1946054e38a66fb3da38ef755e,03/11/2020,NOVEMBRO,TERCA-FEIRA,11,1
137806351,45c1ea5de3c44ea7b76a4dd239f65803,06/11/2020,NOVEMBRO,SEXTA-FEIRA,11,0
46864972,15155fa725f048b3a4c6b3b10a7aa733,27/08/2020,AGOSTO,QUINTA-FEIRA,13,1
123582593,115cb6abe4da4fe5a5f63ca391838dc1,16/04/2020,ABRIL,QUINTA-FEIRA,15,1
129252663,4fb492d825ec43c29a7000ff56b5aee7,01/07/2020,JULHO,QUARTA-FEIRA,10,0
136783957,eab8fbcc286f4561aa6f74301c16572c,20/10/2020,OUTUBRO,TERCA-FEIRA,12,1
121059105,4694534a1101482b927c45d08d44e4b0,30/03/2020,MARCO,SEGUNDA-FEIRA,08,0
129829309,bf4bff21864f48c6ae50a46e49992e93,09/07/2020,JULHO,QUINTA-FEIRA,15,0
138138099,8ff636bbba5d4cd8993ab2cc64e1a625,12/11/2020,NOVEMBRO,QUINTA-FEIRA,12,1
118557133,d498da926d36460a9ff22c6ffc51d15e,21/02/2020,FEVEREIRO,SEXTA-FEIRA,16,1
118009513,b62a42749dfb4919a645e6c94c5d6fa6,13/02/2020,FEVEREIRO,QUINTA-FEIRA,16,0
48758144,58b673cb07074f9e9fe710e6e0682d8b,19/12/2020,DEZEMBRO,SABADO,19,1
41500026,342f6adede604e2d87d640288455a86c,10/03/2020,MARCO,TERCA-FEIRA,21,1
136466763,497b3d10c5c641bfafb3b235835df889,14/10/2020,OUTUBRO,QUARTA-FEIRA,09,1
138216999,88a3a88e792d4e3c856f56d9a1db232e,13/11/2020,NOVEMBRO,SEXTA-FEIRA,14,1
132320119,852c6ea0ecaa431baf7584c5eab24bfd,25/08/2020,AGOSTO,TERCA-FEIRA,09,1
140587669,c7aaaa96059c457690d888a79fdbcb3c,30/12/2020,DEZEMBRO,QUARTA-FEIRA,11,1
47844276,bc89f3433917445694cf64b29d8d90d6,21/10/2020,OUTUBRO,QUARTA-FEIRA,15,1
130068477,ad561cec2209456caec178153ec0df36,14/07/2020,JULHO,TERCA-FEIRA,14,0
124840241,9a02e3747f23406cb075c610bde7554e,29/04/2020,ABRIL,QUARTA-FEIRA,14,1
139851607,df1be23566ca48d28fe3b77277629337,14/12/2020,DEZEMBRO,SEGUNDA-FEIRA,17,0
44148830,c4abac3d07954e3ba8e0bed46a093311,30/04/2020,ABRIL,QUINTA-FEIRA,18,1
116303695,a54cc9d35a0c48d7b0bdf61061c3c9de,28/01/2020,JANEIRO,TERCA-FEIRA,15,1
132850373,3435dafdbf794ba3be149ca97a07a160,02/09/2020,SETEMBRO,QUARTA-FEIRA,17,1
119801327,270043c950d640df8904ddd376a8c3de,13/03/2020,MARCO,SEXTA-FEIRA,09,0
139601551,64559c0734c241c096f0a95396d5b559,09/12/2020,DEZEMBRO,QUARTA-FEIRA,17,0
46818876,342f6adede604e2d87d640288455a86c,24/08/2020,AGOSTO,SEGUNDA-FEIRA,12,1
139371541,10c98b9bc39f4766a59e1cd99aeb74ea,04/12/2020,DEZEMBRO,SEXTA-FEIRA,14,1
45213526,50c93567854d4a70b1dba545dc825ba6,03/06/2020,JUNHO,QUARTA-FEIRA,10,1
47862552,b031e00ca6454509b2197223836db49d,22/10/2020,OUTUBRO,QUINTA-FEIRA,09,1
136791353,e6c40aafba4b49cb9fb51ae8b1035501,20/10/2020,OUTUBRO,TERCA-FEIRA,14,0
116125391,28569a7370d44b7fbe92134d90e9f330,27/01/2020,JANEIRO,SEGUNDA-FEIRA,09,1
125895457,25817d9f4ca24430bcbf1ecd621f7da6,11/05/2020,MAIO,SEGUNDA-FEIRA,11,1
122411015,84156c715f204ecf95f37feae2c0a4c2,09/04/2020,ABRIL,QUINTA-FEIRA,13,0
139985847,f24852444d444a13852eead2d9b544ae,16/12/2020,DEZEMBRO,QUARTA-FEIRA,17,1
48352704,776871c9b81b4998aa63a04b0311977a,17/11/2020,NOVEMBRO,TERCA-FEIRA,10,1
119471183,84eebe3b193842729006d6670b51e5f4,08/03/2020,MARCO,DOMINGO,18,0
138147319,9a02e3747f23406cb075c610bde7554e,12/11/2020,NOVEMBRO,QUINTA-FEIRA,13,0
129618437,256fbb9a30f74256ae6808e95a1b1501,07/07/2020,JULHO,TERCA-FEIRA,11,1
117433673,629a8d7bdeb74f25a3a0ba842406b29b,07/02/2020,FEVEREIRO,SEXTA-FEIRA,14,1
126206419,64b2cf522c634d87ab3f317acb44caf1,15/05/2020,MAIO,SEXTA-FEIRA,11,0
140316973,ed8fec871fdd4c7187c242b559d60f21,23/12/2020,DEZEMBRO,QUARTA-FEIRA,14,0
116645789,f04b82907d58474dac86d748087fbd95,31/01/2020,JANEIRO,SEXTA-FEIRA,17,1
119687679,270043c950d640df8904ddd376a8c3de,11/03/2020,MARCO,QUARTA-FEIRA,14,1
47631622,df0da1fd1fa54a40acb6648bbf3749a7,07/10/2020,OUTUBRO,QUARTA-FEIRA,11,1
47718954,1c4dfc62745b430e8e5584632d6ed959,14/10/2020,OUTUBRO,QUARTA-FEIRA,02,1
43384758,107c40186ad0458c974ea02e6681a665,16/04/2020,ABRIL,QUINTA-FEIRA,13,1
130078019,776871c9b81b4998aa63a04b0311977a,14/07/2020,JULHO,TERCA-FEIRA,15,0
48506172,7ec2efdd4fe74f55830bbadf68fc3bff,29/11/2020,NOVEMBRO,DOMINGO,16,1
134292871,d6d15f0a48b04683bd06c60526e9f0c1,28/09/2020,SETEMBRO,SEGUNDA-FEIRA,13,1
48365330,d70558c79b9d446f88aab1e18c4ec5b3,17/11/2020,NOVEMBRO,TERCA-FEIRA,17,1
47869770,df0da1fd1fa54a40acb6648bbf3749a7,22/10/2020,OUTUBRO,QUINTA-FEIRA,14,1
48710676,49699183fea34998bebab46ffcc23eae,16/12/2020,DEZEMBRO,QUARTA-FEIRA,12,1
133342279,bc424f7062ca42df81c40bcc8205f48b,11/09/2020,SETEMBRO,SEXTA-FEIRA,09,0
118867971,59fc44b7a1f6493fbb957d92edc3a7f9,27/02/2020,FEVEREIRO,QUINTA-FEIRA,14,1
47728740,30b73979f70541d6857e2f86872adfed,14/10/2020,OUTUBRO,QUARTA-FEIRA,10,1
140505457,840e18df9c114d73a87dfc92f503df35,29/12/2020,DEZEMBRO,TERCA-FEIRA,10,1
130894283,0a90e59d7cf74348848e06daf52f4f47,29/07/2020,JULHO,QUARTA-FEIRA,10,0
126426155,4858668d70e64543bc5c183b6217753b,19/05/2020,MAIO,TERCA-FEIRA,08,1
138434065,8f095357973f4033b46308c9213f9981,17/11/2020,NOVEMBRO,TERCA-FEIRA,16,1
130344483,d6d15f0a48b04683bd06c60526e9f0c1,20/07/2020,JULHO,SEGUNDA-FEIRA,08,1
129145687,7e39106637724cc7a622eb940acec193,30/06/2020,JUNHO,TERCA-FEIRA,08,0
41533526,b41ceeb40da949169dce3e623c143f8f,11/03/2020,MARCO,QUARTA-FEIRA,16,1
138621579,49699183fea34998bebab46ffcc23eae,20/11/2020,NOVEMBRO,SEXTA-FEIRA,12,1
139320205,224b304199ed4c35b74e09a367e4a38c,03/12/2020,DEZEMBRO,QUINTA-FEIRA,15,1
127364597,5201314d3f22452a83a61ac27e13c069,02/06/2020,JUNHO,TERCA-FEIRA,08,1
48410794,270a3d5a6141454b9326e73e207cb870,20/11/2020,NOVEMBRO,SEXTA-FEIRA,15,1
131565761,6e36d116df944d30b4e19782be58e500,10/08/2020,AGOSTO,SEGUNDA-FEIRA,12,1
118697567,17d932e6fbb1454b92c48bad8b148806,25/02/2020,FEVEREIRO,TERCA-FEIRA,11,0
123426955,bf4bff21864f48c6ae50a46e49992e93,15/04/2020,ABRIL,QUARTA-FEIRA,08,0
48339526,d54f1411d5724ee79f61f51de6cf53cb,16/11/2020,NOVEMBRO,SEGUNDA-FEIRA,13,1
138523079,49699183fea34998bebab46ffcc23eae,18/11/2020,NOVEMBRO,QUARTA-FEIRA,18,1
41632190,cb284f17b2394444a92357e0742fa42c,18/03/2020,MARCO,QUARTA-FEIRA,12,1
126672329,cb3428bd8eed46819ef6f329a9c947d7,21/05/2020,MAIO,QUINTA-FEIRA,13,0
48554510,fb7b32771cb34511b49ad593dfee016e,03/12/2020,DEZEMBRO,QUINTA-FEIRA,13,1
46767888,bf134df621db45be8cf340e85aa16d27,19/08/2020,AGOSTO,QUARTA-FEIRA,16,1
138323187,9ef233ef6ae140ffacce9f8c9c881b43,16/11/2020,NOVEMBRO,SEGUNDA-FEIRA,10,1
48595098,e6c40aafba4b49cb9fb51ae8b1035501,07/12/2020,DEZEMBRO,SEGUNDA-FEIRA,17,1
48087236,0430eb403e0047cc99d21b1150a2b7c4,06/11/2020,NOVEMBRO,SEXTA-FEIRA,19,1
47321862,6efb2603b2df44dba9e15e2f5e3c94de,18/09/2020,SETEMBRO,SEXTA-FEIRA,12,1
131990355,24c213a821eb434ca5854c3d942690ca,18/08/2020,AGOSTO,TERCA-FEIRA,15,1
140322757,3593208a405b4d2ba764841dc495a178,23/12/2020,DEZEMBRO,QUARTA-FEIRA,15,1
132511355,15155fa725f048b3a4c6b3b10a7aa733,27/08/2020,AGOSTO,QUINTA-FEIRA,16,1
48104050,48b585eeaaa74f49b4999153be898901,09/11/2020,NOVEMBRO,SEGUNDA-FEIRA,10,1
137640005,e292708e4af248108f5ba4c5fb3ad034,03/11/2020,NOVEMBRO,TERCA-FEIRA,17,1
134654825,67eb8d7841c043cfbc0895ea36b9fa17,03/10/2020,OUTUBRO,SABADO,15,1
46512712,2f3aa6f07bc74c2886139fea52c6b3d3,26/07/2020,JULHO,DOMINGO,09,1
46792590,5abb7307f641435dacf0ebf1936d6667,21/08/2020,AGOSTO,SEXTA-FEIRA,12,1
134804449,5b4349844f364243949803d18fe156ea,07/10/2020,OUTUBRO,QUARTA-FEIRA,10,1
132898399,b0a797ed6c39419d9cba96f6e6fb04bf,03/09/2020,SETEMBRO,QUINTA-FEIRA,14,0
47502072,c4a2f69f8c2e40a29bca3d95ac3ba316,28/09/2020,SETEMBRO,SEGUNDA-FEIRA,11,1
129408805,368f7ce9d9d54162aa18d74433cdfad8,03/07/2020,JULHO,SEXTA-FEIRA,11,0
48603210,c451eee1eba24c5ea4d9b3c4f79cff9a,09/12/2020,DEZEMBRO,QUARTA-FEIRA,07,1
123948885,2ded7fb0f23f4908b937518240fdacbd,22/04/2020,ABRIL,QUARTA-FEIRA,13,0
139887731,720f19e11efc4244b1fb7141c83ea214,15/12/2020,DEZEMBRO,TERCA-FEIRA,12,0
116666343,67eb8d7841c043cfbc0895ea36b9fa17,31/01/2020,JANEIRO,SEXTA-FEIRA,20,0
138798823,90d171e6e40e49fab2c8de1c89fb1ad1,24/11/2020,NOVEMBRO,TERCA-FEIRA,12,0
122084031,d8d08d7850134a1da0ca527e337b44b7,07/04/2020,ABRIL,TERCA-FEIRA,14,0
137973355,1dd87509471740cfa16008cfbf9af707,09/11/2020,NOVEMBRO,SEGUNDA-FEIRA,18,1
133294139,78ceb86e84eb4f08825f5a057bf8f3c3,10/09/2020,SETEMBRO,QUINTA-FEIRA,11,1
45259590,fa7e253f3ce347cea79b1ea04bd297b4,05/06/2020,JUNHO,SEXTA-FEIRA,08,1
138522023,ea112308d00446cd811c8ec5302d06fc,18/11/2020,NOVEMBRO,QUARTA-FEIRA,18,1
48503068,f144787cc89a4fab9bececcedf5d5595,28/11/2020,NOVEMBRO,SABADO,21,1
46860438,15155fa725f048b3a4c6b3b10a7aa733,26/08/2020,AGOSTO,QUARTA-FEIRA,00,1
134335301,78ceb86e84eb4f08825f5a057bf8f3c3,29/09/2020,SETEMBRO,TERCA-FEIRA,08,1
139308455,d5b0f1136bab47dda489d1eeaae9edf4,03/12/2020,DEZEMBRO,QUINTA-FEIRA,13,0
137374165,3435dafdbf794ba3be149ca97a07a160,29/10/2020,OUTUBRO,QUINTA-FEIRA,17,1
46339180,1c4dfc62745b430e8e5584632d6ed959,10/07/2020,JULHO,SEXTA-FEIRA,11,1
124993763,3d614904cd1541d79e80b00f525e80b3,01/05/2020,MAIO,SEXTA-FEIRA,14,0
48632022,4a9bc415623e4c379f9373719d13335a,11/12/2020,DEZEMBRO,SEXTA-FEIRA,09,1
134793519,dade499c500e4efe8093cf257c3fecc0,07/10/2020,OUTUBRO,QUARTA-FEIRA,09,0
125680279,7af144d5f2e64a598707726ebf853529,07/05/2020,MAIO,QUINTA-FEIRA,19,1
48318670,a79682378e474d7fa5a481fd20253b46,14/11/2020,NOVEMBRO,SABADO,22,1
137563315,1c4dfc62745b430e8e5584632d6ed959,02/11/2020,NOVEMBRO,SEGUNDA-FEIRA,16,0
137994277,eab8fbcc286f4561aa6f74301c16572c,10/11/2020,NOVEMBRO,TERCA-FEIRA,10,0
132289803,191148ff29c64629b1edf90bfb721256,24/08/2020,AGOSTO,SEGUNDA-FEIRA,15,0
139474253,38841307eb5f4102b0ac6902e0d35fda,07/12/2020,DEZEMBRO,SEGUNDA-FEIRA,12,1
119207439,cd8b1e4377334ed198a37780f49fa2fe,03/03/2020,MARCO,TERCA-FEIRA,15,0
119837051,6df82c91d297469a834a0b4cff107e6f,13/03/2020,MARCO,SEXTA-FEIRA,14,1
138726439,872b80a3a87a43c78fee78ac7d1a12d6,23/11/2020,NOVEMBRO,SEGUNDA-FEIRA,11,0
124963471,78ceb86e84eb4f08825f5a057bf8f3c3,01/05/2020,MAIO,SEXTA-FEIRA,08,0
130902935,6b1bc926baf34b37ad9b2030a197ae03,29/07/2020,JULHO,QUARTA-FEIRA,11,1
134343491,8c01b5b54afc4b20b06ee6f88fa5dc4e,29/09/2020,SETEMBRO,TERCA-FEIRA,10,1
129697133,24c213a821eb434ca5854c3d942690ca,08/07/2020,JULHO,QUARTA-FEIRA,11,1
44135960,cf17acee2b0b468c937d302dee665c33,30/04/2020,ABRIL,QUINTA-FEIRA,11,1
120025401,84156c715f204ecf95f37feae2c0a4c2,17/03/2020,MARCO,TERCA-FEIRA,19,0
131949277,2b001b44991a419ca4ae440b3778f662,18/08/2020,AGOSTO,TERCA-FEIRA,08,1
123639685,4e559eab3e054ac6bc038522f5586b4d,17/04/2020,ABRIL,SEXTA-FEIRA,12,1
134469245,67eb8d7841c043cfbc0895ea36b9fa17,30/09/2020,SETEMBRO,QUARTA-FEIRA,19,0
46192398,db38d20b198743e186a35890d6b640f3,06/07/2020,JULHO,SEGUNDA-FEIRA,14,1
119453353,15155fa725f048b3a4c6b3b10a7aa733,07/03/2020,MARCO,SABADO,12,1
130889099,f62d4c259e9e4cff887b4a851f4c1c58,29/07/2020,JULHO,QUARTA-FEIRA,10,1
121756285,a4849b1984294b6c99b11aba3157d3aa,03/04/2020,ABRIL,SEXTA-FEIRA,13,1
134053515,26707cdbc7834971bbd7489cfad78632,23/09/2020,SETEMBRO,QUARTA-FEIRA,13,0
126390023,39e44c0942824f99bfa6de1108598f79,18/05/2020,MAIO,SEGUNDA-FEIRA,14,0
129161839,39e44c0942824f99bfa6de1108598f79,30/06/2020,JUNHO,TERCA-FEIRA,09,0
132915893,d614da6603bd4222bd28378fdbd3abf6,03/09/2020,SETEMBRO,QUINTA-FEIRA,16,1
139584695,ce3209117dd2464f84092a0a5a3db7f0,09/12/2020,DEZEMBRO,QUARTA-FEIRA,14,1
136674313,cd8b1e4377334ed198a37780f49fa2fe,18/10/2020,OUTUBRO,DOMINGO,15,0
124786095,e5d6920da503405aa449881676c58716,29/04/2020,ABRIL,QUARTA-FEIRA,08,1
47434210,4a9bc415623e4c379f9373719d13335a,24/09/2020,SETEMBRO,QUINTA-FEIRA,18,1
129991433,ad561cec2209456caec178153ec0df36,13/07/2020,JULHO,SEGUNDA-FEIRA,14,1
121801189,3cd32d3443e8406e841f18701e6b1336,03/04/2020,ABRIL,SEXTA-FEIRA,17,0
139307241,c71ac7d64c174cd39053ffb7115e895d,03/12/2020,DEZEMBRO,QUINTA-FEIRA,13,1
138401981,74dfd7667b56499b95fc3b7ecaf33579,17/11/2020,NOVEMBRO,TERCA-FEIRA,11,1
47665838,d6d15f0a48b04683bd06c60526e9f0c1,09/10/2020,OUTUBRO,SEXTA-FEIRA,07,1
137675553,bb65e7e8969e4d588eaa675e801f4e24,04/11/2020,NOVEMBRO,QUARTA-FEIRA,11,1
118192139,fbb3239246734a198492e61048bac1f5,17/02/2020,FEVEREIRO,SEGUNDA-FEIRA,14,0
116844959,53b1ea7e1b67444f9ea948bc96d256cb,03/02/2020,FEVEREIRO,SEGUNDA-FEIRA,15,0
138092981,a34292e443474c678501176be35bcac7,11/11/2020,NOVEMBRO,QUARTA-FEIRA,15,1
122596683,d8d08d7850134a1da0ca527e337b44b7,11/04/2020,ABRIL,SABADO,13,1
134408469,66785aa3d3134e7588c109eded1645dd,30/09/2020,SETEMBRO,QUARTA-FEIRA,09,0
44499934,fe92248729c44f448481c5780127e6d1,05/05/2020,MAIO,TERCA-FEIRA,14,1
133698479,6efb2603b2df44dba9e15e2f5e3c94de,17/09/2020,SETEMBRO,QUINTA-FEIRA,17,0
126119261,c162de451248401b94dc17e4d5bdc0df,14/05/2020,MAIO,QUINTA-FEIRA,11,0
138614083,b568bb096e4e41358931d0d33da25e08,20/11/2020,NOVEMBRO,SEXTA-FEIRA,10,1
136501179,342f6adede604e2d87d640288455a86c,14/10/2020,OUTUBRO,QUARTA-FEIRA,14,1
122681705,5dc41925bc48492baae549f174c2dd9b,12/04/2020,ABRIL,DOMINGO,21,0
47959070,b8265749f3504295ae219c2451307721,28/10/2020,OUTUBRO,QUARTA-FEIRA,23,1
138163123,6de2b616ee124331b828d516ee54164d,12/11/2020,NOVEMBRO,QUINTA-FEIRA,16,0
117897471,f04b82907d58474dac86d748087fbd95,12/02/2020,FEVEREIRO,QUARTA-FEIRA,12,1
46386774,d191d59c0d2048c3a2a9c667afd08344,13/07/2020,JULHO,SEGUNDA-FEIRA,00,1
139882775,c4abac3d07954e3ba8e0bed46a093311,15/12/2020,DEZEMBRO,TERCA-FEIRA,11,0
131001587,1df32508f76d421289d3288b4fa1961e,30/07/2020,JULHO,QUINTA-FEIRA,14,0
129461221,5dc4626baf9a467f95d9579c98d63524,04/07/2020,JULHO,SABADO,10,0
47939094,730c63080e0e4473a8807c5d1363165b,27/10/2020,OUTUBRO,TERCA-FEIRA,20,1
125645239,7ad2ca11c66146888d0f48b802903f80,07/05/2020,MAIO,QUINTA-FEIRA,12,0
48731624,5ce61132269e47c9a50a948a8bb503f7,17/12/2020,DEZEMBRO,QUINTA-FEIRA,13,1
129624799,5ce095386bc647a7b7c7734bb948ae79,07/07/2020,JULHO,TERCA-FEIRA,12,1
131559959,1c4dfc62745b430e8e5584632d6ed959,10/08/2020,AGOSTO,SEGUNDA-FEIRA,11,0
127829827,bf4bff21864f48c6ae50a46e49992e93,09/06/2020,JUNHO,TERCA-FEIRA,13,1
47665300,d6d15f0a48b04683bd06c60526e9f0c1,08/10/2020,OUTUBRO,QUINTA-FEIRA,22,1
119786909,db2e7f8a260d40b5a7acb2866471174f,12/03/2020,MARCO,QUINTA-FEIRA,18,0
129530345,35fda130b8e44ed0ad453322ef83cf15,06/07/2020,JULHO,SEGUNDA-FEIRA,11,0
48132100,2da042fe99d54ea782b613f727bd0337,10/11/2020,NOVEMBRO,TERCA-FEIRA,14,1
125336535,62e125d4c5904cec86e4f816ece8df61,04/05/2020,MAIO,SEGUNDA-FEIRA,11,1
136625835,9e6132b59807445f93836150d6c89b55,16/10/2020,OUTUBRO,SEXTA-FEIRA,13,1
137392457,1fa4c912814b409b8bb34acd847c390f,30/10/2020,OUTUBRO,SEXTA-FEIRA,09,1
44149098,107c40186ad0458c974ea02e6681a665,30/04/2020,ABRIL,QUINTA-FEIRA,18,1
118755273,0c21f7112e314724a022d754bc673612,26/02/2020,FEVEREIRO,QUARTA-FEIRA,12,1
116784633,1eb40053b1c342aab6e052c74aa98748,03/02/2020,FEVEREIRO,SEGUNDA-FEIRA,11,1
138571891,d14045a12d9a40dba4c47798beebc629,19/11/2020,NOVEMBRO,QUINTA-FEIRA,14,1
139103071,9bdc0fa25a4941f69b98cbadc5add7ef,30/11/2020,NOVEMBRO,SEGUNDA-FEIRA,11,1
123909515,5752221717994b2dada61786c6e4a372,22/04/2020,ABRIL,QUARTA-FEIRA,09,1
125754609,f5649c101bb44325bb21b2c1c3f4126b,08/05/2020,MAIO,SEXTA-FEIRA,14,0
138159785,28569a7370d44b7fbe92134d90e9f330,12/11/2020,NOVEMBRO,QUINTA-FEIRA,15,1
134774977,3a78c487bea845b08dfbfe607c308367,06/10/2020,OUTUBRO,TERCA-FEIRA,18,1
139302699,5dc41925bc48492baae549f174c2dd9b,03/12/2020,DEZEMBRO,QUINTA-FEIRA,12,0
124923413,be2f667e703045ce91883641e8c6c0fe,30/04/2020,ABRIL,QUINTA-FEIRA,14,0
122339061,056d32ffaff0404abbf2d11981967360,09/04/2020,ABRIL,QUINTA-FEIRA,01,0
43572870,849a03c7c3294c20a5cbda23e071f113,25/04/2020,ABRIL,SABADO,05,1
137637045,ea95245153af4a3ca16d348de21e154d,03/11/2020,NOVEMBRO,TERCA-FEIRA,17,1
120526785,67eb8d7841c043cfbc0895ea36b9fa17,24/03/2020,MARCO,TERCA-FEIRA,06,0
47515334,73eaf2f4bab2436e9466d07571c68764,28/09/2020,SETEMBRO,SEGUNDA-FEIRA,21,1
136928357,5520da44689f44ee9f1de0f3e6f9f2b8,22/10/2020,OUTUBRO,QUINTA-FEIRA,09,1
125530271,d8d08d7850134a1da0ca527e337b44b7,06/05/2020,MAIO,QUARTA-FEIRA,09,0
120647011,dd63273b339f4d22aecadacfdce6348e,25/03/2020,MARCO,QUARTA-FEIRA,09,0
120557479,533a81b2db14429ca059cef18b7bb56e,24/03/2020,MARCO,TERCA-FEIRA,11,1
47115088,00b65a70bcf94365bd3b5629cc084327,07/09/2020,SETEMBRO,SEGUNDA-FEIRA,09,1
128205597,ff4fd642886f46469fc7b6c8ab745239,17/06/2020,JUNHO,QUARTA-FEIRA,11,1
139885729,a323ee8abddf4fd2a7fd281d82459f06,15/12/2020,DEZEMBRO,TERCA-FEIRA,11,0
120091397,8f095357973f4033b46308c9213f9981,18/03/2020,MARCO,QUARTA-FEIRA,15,0
138847709,8afdd9016535426fb83249035d5d0c2f,25/11/2020,NOVEMBRO,QUARTA-FEIRA,10,1
47318950,c71ac7d64c174cd39053ffb7115e895d,18/09/2020,SETEMBRO,SEXTA-FEIRA,10,1
41527158,cb284f17b2394444a92357e0742fa42c,11/03/2020,MARCO,QUARTA-FEIRA,10,1
47990524,9febe9e0b61545898d8cc0009c541653,30/10/2020,OUTUBRO,SEXTA-FEIRA,21,1
139252021,f8ac210d18b64fd183d178e02916a600,02/12/2020,DEZEMBRO,QUARTA-FEIRA,16,1
47889486,4694534a1101482b927c45d08d44e4b0,23/10/2020,OUTUBRO,SEXTA-FEIRA,16,1
46231778,ab2708662e344342bb85610f173ef578,08/07/2020,JULHO,QUARTA-FEIRA,13,1
138174105,ea112308d00446cd811c8ec5302d06fc,12/11/2020,NOVEMBRO,QUINTA-FEIRA,18,1
139697799,62ad174a8ca04596b04eae076ea04c4a,11/12/2020,DEZEMBRO,SEXTA-FEIRA,11,1
128351033,8f6c18ab48844042a2f5bcb1124ca8af,19/06/2020,JUNHO,SEXTA-FEIRA,10,1
48179654,f67282d6212b49bdaad74efa363668e0,12/11/2020,NOVEMBRO,QUINTA-FEIRA,18,1
48823334,56daf308a56a40f598c9a8f98342e0c8,28/12/2020,DEZEMBRO,SEGUNDA-FEIRA,09,1
132181725,e29dad34c6254fc3a2639ff50e9db456,21/08/2020,AGOSTO,SEXTA-FEIRA,14,1
140428773,5a7c9eb3bc184df38c590ee1ed7bbf97,28/12/2020,DEZEMBRO,SEGUNDA-FEIRA,10,1
132897827,b0a797ed6c39419d9cba96f6e6fb04bf,03/09/2020,SETEMBRO,QUINTA-FEIRA,13,0
121761797,b0665056a0884f1b888dddd75974544d,03/04/2020,ABRIL,SEXTA-FEIRA,13,0
41430236,bf4bff21864f48c6ae50a46e49992e93,04/03/2020,MARCO,QUARTA-FEIRA,20,1
138208415,3ce7e7e0adcd40d3a869259d87e19637,13/11/2020,NOVEMBRO,SEXTA-FEIRA,14,0
137426085,ce0a48cf304344019d833c0f41f61a22,30/10/2020,OUTUBRO,SEXTA-FEIRA,14,1
138733825,2dbc52a3f4d74ff7a14731b539674a1d,23/11/2020,NOVEMBRO,SEGUNDA-FEIRA,12,1
130220491,48b585eeaaa74f49b4999153be898901,16/07/2020,JULHO,QUINTA-FEIRA,15,1
129901687,f6b26c13052848deab0df6300cc768b4,10/07/2020,JULHO,SEXTA-FEIRA,15,0
118248349,d3ed306efb4e4bd583eca8fc686c7b63,18/02/2020,FEVEREIRO,TERCA-FEIRA,10,1
139974605,ba81996efe8949828bfedececce07e9e,16/12/2020,DEZEMBRO,QUARTA-FEIRA,16,1
139259835,e6c40aafba4b49cb9fb51ae8b1035501,02/12/2020,DEZEMBRO,QUARTA-FEIRA,17,1
131623795,2635f802d278433e88d882ef9607992c,11/08/2020,AGOSTO,TERCA-FEIRA,11,0
137945207,48b585eeaaa74f49b4999153be898901,09/11/2020,NOVEMBRO,SEGUNDA-FEIRA,13,0
128657875,76e7529747ad4f03b60e2c1fb1ff6f59,24/06/2020,JUNHO,QUARTA-FEIRA,08,0
120184871,23723b5ae2b04710a45930c4fcb6458b,19/03/2020,MARCO,QUINTA-FEIRA,16,0
134493491,d6d15f0a48b04683bd06c60526e9f0c1,01/10/2020,OUTUBRO,QUINTA-FEIRA,10,0
45232490,503b2b08ca794b14994c1f16db9235b3,04/06/2020,JUNHO,QUINTA-FEIRA,09,1
123588685,58b673cb07074f9e9fe710e6e0682d8b,16/04/2020,ABRIL,QUINTA-FEIRA,16,0
46331142,3cb62558262745918722a58ff3bee0d6,09/07/2020,JULHO,QUINTA-FEIRA,22,1
128780955,6657241c0c5b4c48a049e86c34855bfc,25/06/2020,JUNHO,QUINTA-FEIRA,12,1
47568328,d6d15f0a48b04683bd06c60526e9f0c1,02/10/2020,OUTUBRO,SEXTA-FEIRA,07,1
134587917,0bbd6cca66e949779a709ec0bb186c67,02/10/2020,OUTUBRO,SEXTA-FEIRA,11,0
119286573,bf4bff21864f48c6ae50a46e49992e93,04/03/2020,MARCO,QUARTA-FEIRA,14,1
140506803,d4841ad18c1e4199be8b55d259cd3083,29/12/2020,DEZEMBRO,TERCA-FEIRA,11,1
125640069,4af58c51a9874150922e795e04665cbf,07/05/2020,MAIO,QUINTA-FEIRA,12,0
130811011,5c2d686d79474843bb41b51d4da5c7f5,28/07/2020,JULHO,TERCA-FEIRA,08,1
132620627,226f632dd8754fc6b99594cc6b1fcb0a,29/08/2020,AGOSTO,SABADO,19,1
137761451,d226fbcf7e8b4077abad11fdb67faaba,05/11/2020,NOVEMBRO,QUINTA-FEIRA,14,1
137888997,cd8b1e4377334ed198a37780f49fa2fe,08/11/2020,NOVEMBRO,DOMINGO,11,0
134637597,f22dbc0bd72a48f5ad0f69d2d7225c76,02/10/2020,OUTUBRO,SEXTA-FEIRA,20,1
134513445,076d5257903542219890276142913ff6,01/10/2020,OUTUBRO,QUINTA-FEIRA,13,1
125295987,67eb8d7841c043cfbc0895ea36b9fa17,03/05/2020,MAIO,DOMINGO,18,0
48492416,0688dba18bbc4e9ab8cbf2c92703659b,27/11/2020,NOVEMBRO,SEXTA-FEIRA,14,1
127814887,1ca382fb705349feac5a7004d95cc658,09/06/2020,JUNHO,TERCA-FEIRA,10,0
47111430,7ad2ca11c66146888d0f48b802903f80,06/09/2020,SETEMBRO,DOMINGO,11,1
123488833,cd8b1e4377334ed198a37780f49fa2fe,15/04/2020,ABRIL,QUARTA-FEIRA,15,0
132620187,226f632dd8754fc6b99594cc6b1fcb0a,29/08/2020,AGOSTO,SABADO,19,0
48079366,87adca903e4143edb420f433427bd636,06/11/2020,NOVEMBRO,SEXTA-FEIRA,13,1
124660229,9aa5025024934cf3abd809c6f812d48d,27/04/2020,ABRIL,SEGUNDA-FEIRA,14,0
48465404,a79682378e474d7fa5a481fd20253b46,25/11/2020,NOVEMBRO,QUARTA-FEIRA,15,1
139709487,a0d1c3ac074f46e0bed2033e3b850b73,11/12/2020,DEZEMBRO,SEXTA-FEIRA,13,0
121710987,256fbb9a30f74256ae6808e95a1b1501,03/04/2020,ABRIL,SEXTA-FEIRA,10,0
132250839,e4613043efdd4a36b3b8f6c125ddf393,24/08/2020,AGOSTO,SEGUNDA-FEIRA,08,1
136481849,60ed128f63d741e69ac55060fc5e95a2,14/10/2020,OUTUBRO,QUARTA-FEIRA,11,1
46816386,e4613043efdd4a36b3b8f6c125ddf393,24/08/2020,AGOSTO,SEGUNDA-FEIRA,09,1
133971083,0031e92d064a43c496d2e811441dafad,22/09/2020,SETEMBRO,TERCA-FEIRA,09,0
130226017,270a3d5a6141454b9326e73e207cb870,16/07/2020,JULHO,QUINTA-FEIRA,16,1
121995349,d8d08d7850134a1da0ca527e337b44b7,06/04/2020,ABRIL,SEGUNDA-FEIRA,16,1
138158863,5ac87b2021e44cd99b2c7cf3b6da4b3b,12/11/2020,NOVEMBRO,QUINTA-FEIRA,16,0
48508838,c0b1595c6a1e4f8d9a425b9dc900b102,30/11/2020,NOVEMBRO,SEGUNDA-FEIRA,10,1
126064993,40897170c9d547c583fbbf0492cc78df,13/05/2020,MAIO,QUARTA-FEIRA,13,1
47491784,d6d15f0a48b04683bd06c60526e9f0c1,26/09/2020,SETEMBRO,SABADO,08,1
120066989,5ce61132269e47c9a50a948a8bb503f7,18/03/2020,MARCO,QUARTA-FEIRA,11,0
140444609,5dc4626baf9a467f95d9579c98d63524,28/12/2020,DEZEMBRO,SEGUNDA-FEIRA,12,0
139383593,01d0b30a002a40a696d12f361077fb92,04/12/2020,DEZEMBRO,SEXTA-FEIRA,15,0
47704354,42d1cb59ef354394bb17795f82679f15,12/10/2020,OUTUBRO,SEGUNDA-FEIRA,10,1
122413537,5545de7562fd4c6596b727eb9a8fd26f,09/04/2020,ABRIL,QUINTA-FEIRA,14,0
136704681,2becbe6f7e8b467e9dfc5cc9bdb3e795,19/10/2020,OUTUBRO,SEGUNDA-FEIRA,11,0
119979245,db072be214bd469f8a2edaa1ba609f77,17/03/2020,MARCO,TERCA-FEIRA,09,0
48465208,d40b4a97f62f443284310fb1fc3222e6,25/11/2020,NOVEMBRO,QUARTA-FEIRA,15,1
47331522,59fc44b7a1f6493fbb957d92edc3a7f9,18/09/2020,SETEMBRO,SEXTA-FEIRA,21,1
136992561,8f095357973f4033b46308c9213f9981,23/10/2020,OUTUBRO,SEXTA-FEIRA,08,0
121383673,ac8fa2a948c14e1b88e038737165ad82,01/04/2020,ABRIL,QUARTA-FEIRA,09,0
131231841,d015b7766a724f489a3d970fd65d9dbf,04/08/2020,AGOSTO,TERCA-FEIRA,07,1
132939501,4af047e372a34fb4bdccd6b4eea23241,04/09/2020,SETEMBRO,SEXTA-FEIRA,10,1
119333965,595f293a11a848cfbc6eaf0474b5e7d2,05/03/2020,MARCO,QUINTA-FEIRA,09,1
137411927,342f6adede604e2d87d640288455a86c,30/10/2020,OUTUBRO,SEXTA-FEIRA,12,0
117287859,783ae4f1e6664972b8f9a08342b10397,06/02/2020,FEVEREIRO,QUINTA-FEIRA,14,1
119369375,cd8b1e4377334ed198a37780f49fa2fe,05/03/2020,MARCO,QUINTA-FEIRA,16,0
48458016,d22004311c2e43b1a394ab601f01c0ef,25/11/2020,NOVEMBRO,QUARTA-FEIRA,11,1
139943585,49699183fea34998bebab46ffcc23eae,16/12/2020,DEZEMBRO,QUARTA-FEIRA,11,1
41945498,107c40186ad0458c974ea02e6681a665,31/03/2020,MARCO,TERCA-FEIRA,12,1
132434175,776b3cb9d8144952bd4f4d20321b3745,26/08/2020,AGOSTO,QUARTA-FEIRA,15,1
116167883,3058cabb35f64e7592aaf19daf615fd6,27/01/2020,JANEIRO,SEGUNDA-FEIRA,13,1
138021015,cd8b1e4377334ed198a37780f49fa2fe,10/11/2020,NOVEMBRO,TERCA-FEIRA,15,0
48636256,bf134df621db45be8cf340e85aa16d27,11/12/2020,DEZEMBRO,SEXTA-FEIRA,13,1
138404739,2df562ba18d64b9fb2e26ec24d7352f4,17/11/2020,NOVEMBRO,TERCA-FEIRA,12,1
138813485,224b304199ed4c35b74e09a367e4a38c,24/11/2020,NOVEMBRO,TERCA-FEIRA,16,1
125440991,5752221717994b2dada61786c6e4a372,05/05/2020,MAIO,TERCA-FEIRA,10,1
136487011,eab8fbcc286f4561aa6f74301c16572c,14/10/2020,OUTUBRO,QUARTA-FEIRA,12,0
139709783,49699183fea34998bebab46ffcc23eae,11/12/2020,DEZEMBRO,SEXTA-FEIRA,13,0
139850893,bbb510bf67c04b0eb68d0ecc5df5d91e,14/12/2020,DEZEMBRO,SEGUNDA-FEIRA,17,0
41616604,5ce61132269e47c9a50a948a8bb503f7,17/03/2020,MARCO,TERCA-FEIRA,16,1
43442464,0c21f7112e314724a022d754bc673612,18/04/2020,ABRIL,SABADO,17,1
119406065,2df562ba18d64b9fb2e26ec24d7352f4,06/03/2020,MARCO,SEXTA-FEIRA,11,1
120288811,270043c950d640df8904ddd376a8c3de,20/03/2020,MARCO,SEXTA-FEIRA,15,0
139184337,49699183fea34998bebab46ffcc23eae,01/12/2020,DEZEMBRO,TERCA-FEIRA,21,0
138588991,bd2b0efec4264f2e89b798a2aadf20a1,19/11/2020,NOVEMBRO,QUINTA-FEIRA,17,1
124811079,6fe1f9dd46054decbc6dfa84dfa5f5c8,29/04/2020,ABRIL,QUARTA-FEIRA,11,0
47376574,1f17cc62be514d6cbea5712d18e37a49,22/09/2020,SETEMBRO,TERCA-FEIRA,14,1
48700728,ba3bdcfcf8f0496db4c6182552d52f3e,15/12/2020,DEZEMBRO,TERCA-FEIRA,20,1
138463009,f3abb56d31e4442b8e12eabad9b79a89,18/11/2020,NOVEMBRO,QUARTA-FEIRA,09,0
130753591,776b3cb9d8144952bd4f4d20321b3745,27/07/2020,JULHO,SEGUNDA-FEIRA,11,0
138910523,49699183fea34998bebab46ffcc23eae,26/11/2020,NOVEMBRO,QUINTA-FEIRA,10,1
140175057,37aa99081e3e428dbd01f9ca4ae9ea4d,21/12/2020,DEZEMBRO,SEGUNDA-FEIRA,10,1
136569451,4d87c231784044ec8cfa3289d72664cc,15/10/2020,OUTUBRO,QUINTA-FEIRA,15,1
121278091,f3abb56d31e4442b8e12eabad9b79a89,31/03/2020,MARCO,TERCA-FEIRA,12,0
46239220,5ce61132269e47c9a50a948a8bb503f7,08/07/2020,JULHO,QUARTA-FEIRA,17,1
134882313,445e0660dab14cedbed673f297c78177,08/10/2020,OUTUBRO,QUINTA-FEIRA,11,1
134809071,15155fa725f048b3a4c6b3b10a7aa733,07/10/2020,OUTUBRO,QUARTA-FEIRA,11,1
139696239,90d171e6e40e49fab2c8de1c89fb1ad1,11/12/2020,DEZEMBRO,SEXTA-FEIRA,11,0
44852072,5abb7307f641435dacf0ebf1936d6667,20/05/2020,MAIO,QUARTA-FEIRA,03,1
132763939,05255fbf3dbc4ac0932efc0295a3863b,01/09/2020,SETEMBRO,TERCA-FEIRA,14,1
48403256,49699183fea34998bebab46ffcc23eae,20/11/2020,NOVEMBRO,SEXTA-FEIRA,10,1
137841555,2c90e6aa8e484ab781d51f9906c7d7d9,06/11/2020,NOVEMBRO,SEXTA-FEIRA,17,1
137282511,5eddf41a94144076841e8e7917d290e3,28/10/2020,OUTUBRO,QUARTA-FEIRA,14,0
139698507,298780507d244d04bce7d131f346c771,11/12/2020,DEZEMBRO,SEXTA-FEIRA,11,1
135058797,87f01711fcff4c4cb39f862111d83189,12/10/2020,OUTUBRO,SEGUNDA-FEIRA,11,0
40593464,50c93567854d4a70b1dba545dc825ba6,06/02/2020,FEVEREIRO,QUINTA-FEIRA,17,1
45226270,0688dba18bbc4e9ab8cbf2c92703659b,03/06/2020,JUNHO,QUARTA-FEIRA,19,1
130073357,298d4041d01f46ee982316724d9911de,14/07/2020,JULHO,TERCA-FEIRA,15,1
47653064,044b66daadb84aaf837dc5f3799571a4,08/10/2020,OUTUBRO,QUINTA-FEIRA,12,1
47880158,97c6a29dba404f14b69587ce9070f5ea,23/10/2020,OUTUBRO,SEXTA-FEIRA,10,1
121836235,270043c950d640df8904ddd376a8c3de,04/04/2020,ABRIL,SABADO,13,0
130298859,64b2cf522c634d87ab3f317acb44caf1,17/07/2020,JULHO,SEXTA-FEIRA,16,0
44101670,0688dba18bbc4e9ab8cbf2c92703659b,29/04/2020,ABRIL,QUARTA-FEIRA,13,1
125385425,bf4bff21864f48c6ae50a46e49992e93,04/05/2020,MAIO,SEGUNDA-FEIRA,15,1
117305945,ed91f9a6016e49f68dd99e38c41d8a71,06/02/2020,FEVEREIRO,QUINTA-FEIRA,15,0
123436309,a7cdd96c4cf24d4a8685eeed1785167b,15/04/2020,ABRIL,QUARTA-FEIRA,09,0
121075397,564e19b1b2464066b728f755c92dd673,30/03/2020,MARCO,SEGUNDA-FEIRA,09,0
128248395,1f35a3dde40242c182c6e6f36220f704,18/06/2020,JUNHO,QUINTA-FEIRA,08,1
140213517,49699183fea34998bebab46ffcc23eae,21/12/2020,DEZEMBRO,SEGUNDA-FEIRA,17,0
119764447,f24852444d444a13852eead2d9b544ae,12/03/2020,MARCO,QUINTA-FEIRA,14,0
118586507,e87d305b09c7405a8e5e121d820b693d,22/02/2020,FEVEREIRO,SABADO,13,1
134118667,baf66d4adaf6409fa4f4fdcb289688aa,24/09/2020,SETEMBRO,QUINTA-FEIRA,14,1
47151908,de077c13fd83467ab2ddb1267a9f99ef,08/09/2020,SETEMBRO,TERCA-FEIRA,21,1
124369109,7a7b87b2f70e481f845bc1372d49dbed,26/04/2020,ABRIL,DOMINGO,17,1
138353675,3ac747f3852b43248ca5d9478be36e96,16/11/2020,NOVEMBRO,SEGUNDA-FEIRA,14,1
41242252,d82845a7378844aa80dc5a1232c3d32c,23/02/2020,FEVEREIRO,DOMINGO,15,1
46445424,776871c9b81b4998aa63a04b0311977a,17/07/2020,JULHO,SEXTA-FEIRA,17,1
123641709,4e559eab3e054ac6bc038522f5586b4d,17/04/2020,ABRIL,SEXTA-FEIRA,11,0
139817711,5dc41925bc48492baae549f174c2dd9b,14/12/2020,DEZEMBRO,SEGUNDA-FEIRA,12,1
132119331,b4ffb23176f64e188dbe8f9dfd6e111e,20/08/2020,AGOSTO,QUINTA-FEIRA,14,1
48352754,776871c9b81b4998aa63a04b0311977a,17/11/2020,NOVEMBRO,TERCA-FEIRA,10,1
132620299,226f632dd8754fc6b99594cc6b1fcb0a,29/08/2020,AGOSTO,SABADO,19,0
139106281,f144787cc89a4fab9bececcedf5d5595,30/11/2020,NOVEMBRO,SEGUNDA-FEIRA,11,1
132439501,d6d15f0a48b04683bd06c60526e9f0c1,26/08/2020,AGOSTO,QUARTA-FEIRA,16,0
123353975,5dc41925bc48492baae549f174c2dd9b,14/04/2020,ABRIL,TERCA-FEIRA,15,0
134073529,3d614904cd1541d79e80b00f525e80b3,23/09/2020,SETEMBRO,QUARTA-FEIRA,16,0
47850124,81e29e7d12ef45288419b8a3b25cb337,21/10/2020,OUTUBRO,QUARTA-FEIRA,21,1
117389633,b8265749f3504295ae219c2451307721,07/02/2020,FEVEREIRO,SEXTA-FEIRA,11,0
48130430,f44488221cb942b2a82dcf745ef411c8,10/11/2020,NOVEMBRO,TERCA-FEIRA,15,1
139801105,7af144d5f2e64a598707726ebf853529,14/12/2020,DEZEMBRO,SEGUNDA-FEIRA,10,1
121715223,256fbb9a30f74256ae6808e95a1b1501,03/04/2020,ABRIL,SEXTA-FEIRA,10,0
140029617,ca761e31c69b49e8a302a5db04ab9e1a,17/12/2020,DEZEMBRO,QUINTA-FEIRA,15,1
48113370,156f2099ebd544d3879e6aa6bcf3e800,09/11/2020,NOVEMBRO,SEGUNDA-FEIRA,16,1
48031706,cb284f17b2394444a92357e0742fa42c,03/11/2020,NOVEMBRO,TERCA-FEIRA,14,1
124655437,9aa5025024934cf3abd809c6f812d48d,27/04/2020,ABRIL,SEGUNDA-FEIRA,14,1
134941453,78ceb86e84eb4f08825f5a057bf8f3c3,09/10/2020,OUTUBRO,SEXTA-FEIRA,09,1
139910221,bf48a499f69f4e7ebde26d4920a3c623,15/12/2020,DEZEMBRO,TERCA-FEIRA,16,1
48387988,ba81996efe8949828bfedececce07e9e,19/11/2020,NOVEMBRO,QUINTA-FEIRA,10,1
133915093,f17793b51e3c4d86ae1b9387599f219c,21/09/2020,SETEMBRO,SEGUNDA-FEIRA,10,0
48837824,34f31ee918dc44a6bab130cc42b7e6e9,29/12/2020,DEZEMBRO,TERCA-FEIRA,10,1
47548148,cb949bcaa5f34e4fbba989caae0ab3ca,30/09/2020,SETEMBRO,QUARTA-FEIRA,21,1
137415193,90d171e6e40e49fab2c8de1c89fb1ad1,30/10/2020,OUTUBRO,SEXTA-FEIRA,13,1
140251839,fa58aa8ff4b54c8fa1d278181f86e6ae,22/12/2020,DEZEMBRO,TERCA-FEIRA,13,0
137776387,b031e00ca6454509b2197223836db49d,05/11/2020,NOVEMBRO,QUINTA-FEIRA,16,1
140493787,b433f4695ba54e638aee6503c5117109,29/12/2020,DEZEMBRO,TERCA-FEIRA,09,0
138179413,47024ee1460c489ba96d30515515ad65,13/11/2020,NOVEMBRO,SEXTA-FEIRA,08,1
44638962,270a3d5a6141454b9326e73e207cb870,11/05/2020,MAIO,SEGUNDA-FEIRA,12,1
138614719,86ed0358adea422a9eef3ddabef92a0f,20/11/2020,NOVEMBRO,SEXTA-FEIRA,10,1
121696779,7d72d804e05f47de8b03356bb6da8380,03/04/2020,ABRIL,SEXTA-FEIRA,10,1
48112340,b031e00ca6454509b2197223836db49d,09/11/2020,NOVEMBRO,SEGUNDA-FEIRA,15,1
47105146,b0665056a0884f1b888dddd75974544d,05/09/2020,SETEMBRO,SABADO,13,1
119075587,56daf308a56a40f598c9a8f98342e0c8,02/03/2020,MARCO,SEGUNDA-FEIRA,11,1
47275412,40897170c9d547c583fbbf0492cc78df,15/09/2020,SETEMBRO,TERCA-FEIRA,22,1
137835897,b7f6105b96544ffda9183cc5c5d920d2,06/11/2020,NOVEMBRO,SEXTA-FEIRA,16,1
134205301,d6d15f0a48b04683bd06c60526e9f0c1,25/09/2020,SETEMBRO,SEXTA-FEIRA,14,1
47267494,1c4dfc62745b430e8e5584632d6ed959,15/09/2020,SETEMBRO,TERCA-FEIRA,16,1
134886015,d6d15f0a48b04683bd06c60526e9f0c1,08/10/2020,OUTUBRO,QUINTA-FEIRA,11,1
140253319,eab8fbcc286f4561aa6f74301c16572c,22/12/2020,DEZEMBRO,TERCA-FEIRA,13,0
128414503,dd63273b339f4d22aecadacfdce6348e,19/06/2020,JUNHO,SEXTA-FEIRA,18,1
127408459,0688dba18bbc4e9ab8cbf2c92703659b,02/06/2020,JUNHO,TERCA-FEIRA,13,1
130684487,478f1d1946054e38a66fb3da38ef755e,24/07/2020,JULHO,SEXTA-FEIRA,16,1
48053750,c25aed14752040f0b1e37ce55610342d,04/11/2020,NOVEMBRO,QUARTA-FEIRA,18,1
134369485,5564e0d79b6141888be891dce9509321,29/09/2020,SETEMBRO,TERCA-FEIRA,14,0
48782632,9dbf16e0fb884746a9059f4ca430e1a7,22/12/2020,DEZEMBRO,TERCA-FEIRA,11,1
140510975,e56d9fb4c02446c9b4fbec20b825250e,29/12/2020,DEZEMBRO,TERCA-FEIRA,11,1
122187771,40897170c9d547c583fbbf0492cc78df,08/04/2020,ABRIL,QUARTA-FEIRA,09,1
46701802,478f1d1946054e38a66fb3da38ef755e,12/08/2020,AGOSTO,QUARTA-FEIRA,18,1
130446365,23723b5ae2b04710a45930c4fcb6458b,21/07/2020,JULHO,TERCA-FEIRA,10,1
45277680,0688dba18bbc4e9ab8cbf2c92703659b,05/06/2020,JUNHO,SEXTA-FEIRA,19,1
46366274,41ee1f1959324992b9792c09ebbe5194,12/07/2020,JULHO,DOMINGO,22,1
40752984,d3ed306efb4e4bd583eca8fc686c7b63,08/02/2020,FEVEREIRO,SABADO,09,1
139867001,b41ceeb40da949169dce3e623c143f8f,15/12/2020,DEZEMBRO,TERCA-FEIRA,09,1
46323020,d191d59c0d2048c3a2a9c667afd08344,09/07/2020,JULHO,QUINTA-FEIRA,11,1
132170073,30bf9710234b48c795dbb42469c05fa9,21/08/2020,AGOSTO,SEXTA-FEIRA,12,1
138647419,0b323f0ac43e4d39b4f979cbab1e4690,20/11/2020,NOVEMBRO,SEXTA-FEIRA,16,1
134406657,d6d15f0a48b04683bd06c60526e9f0c1,30/09/2020,SETEMBRO,QUARTA-FEIRA,09,0
47568238,c4a2f69f8c2e40a29bca3d95ac3ba316,02/10/2020,OUTUBRO,SEXTA-FEIRA,02,1
47551314,d6d15f0a48b04683bd06c60526e9f0c1,01/10/2020,OUTUBRO,QUINTA-FEIRA,09,1
140527073,60ed128f63d741e69ac55060fc5e95a2,29/12/2020,DEZEMBRO,TERCA-FEIRA,13,1
127815121,256fbb9a30f74256ae6808e95a1b1501,09/06/2020,JUNHO,TERCA-FEIRA,11,0
43384800,107c40186ad0458c974ea02e6681a665,16/04/2020,ABRIL,QUINTA-FEIRA,13,1
46737770,5c2bac0bca184ecda0287d24fc854011,17/08/2020,AGOSTO,SEGUNDA-FEIRA,12,1
116920285,1fc2057fc26043e6870d4e791d87ed09,04/02/2020,FEVEREIRO,TERCA-FEIRA,10,0
137405159,bde934ae949e44e4a2f0d16411b4b790,30/10/2020,OUTUBRO,SEXTA-FEIRA,11,1
133312861,aa4d264e622e44e2aac05119fe8d57ad,10/09/2020,SETEMBRO,QUINTA-FEIRA,15,1
131938541,9febe9e0b61545898d8cc0009c541653,17/08/2020,AGOSTO,SEGUNDA-FEIRA,16,1
132005431,ed8fec871fdd4c7187c242b559d60f21,18/08/2020,AGOSTO,TERCA-FEIRA,21,0
46343424,c1f6cb6af1f044318cea69e551be320b,10/07/2020,JULHO,SEXTA-FEIRA,14,1
136716657,87adca903e4143edb420f433427bd636,19/10/2020,OUTUBRO,SEGUNDA-FEIRA,13,0
127397115,50c93567854d4a70b1dba545dc825ba6,02/06/2020,JUNHO,TERCA-FEIRA,12,1
48436840,eb145e8aad9a41b8a8b62fe021302ad6,23/11/2020,NOVEMBRO,SEGUNDA-FEIRA,18,1
132782961,776b3cb9d8144952bd4f4d20321b3745,01/09/2020,SETEMBRO,TERCA-FEIRA,19,1
46427710,4ecc4f544b474732ae32642e4f8e4b13,16/07/2020,JULHO,QUINTA-FEIRA,12,1
48530736,87adca903e4143edb420f433427bd636,02/12/2020,DEZEMBRO,QUARTA-FEIRA,09,1
137284561,3435dafdbf794ba3be149ca97a07a160,28/10/2020,OUTUBRO,QUARTA-FEIRA,15,0
131426583,c01cf162fd6b4c008d0a3b53acd462c8,06/08/2020,AGOSTO,QUINTA-FEIRA,16,0
119840893,39e44c0942824f99bfa6de1108598f79,13/03/2020,MARCO,SEXTA-FEIRA,16,0
46513180,256fbb9a30f74256ae6808e95a1b1501,25/07/2020,JULHO,SABADO,20,1
116252873,e987df7891e14d088cf4bed1cc60c2d1,28/01/2020,JANEIRO,TERCA-FEIRA,10,0
138426089,f9d2fe158cfc400382315dbaf921f80c,17/11/2020,NOVEMBRO,TERCA-FEIRA,16,0
137679039,ea95245153af4a3ca16d348de21e154d,04/11/2020,NOVEMBRO,QUARTA-FEIRA,12,0
138329533,621358187c824b88893d651c0a5a85be,16/11/2020,NOVEMBRO,SEGUNDA-FEIRA,10,1
121669413,c27907e9c865428bae80c496822838ba,02/04/2020,ABRIL,QUINTA-FEIRA,18,0
120590111,a8325b2a457148af8c5e3d9f6664b783,24/03/2020,MARCO,TERCA-FEIRA,14,0
123564391,ef1288f082d14ce39995ba0e62a9ff5d,16/04/2020,ABRIL,QUINTA-FEIRA,13,1
40659600,6844c3514dc54f04a47ef4f6a9f2e8ab,07/02/2020,FEVEREIRO,SEXTA-FEIRA,09,1
132986461,77b4a8ffa94e45febd94b789d192ea77,04/09/2020,SETEMBRO,SEXTA-FEIRA,17,0
128363475,df26329e99ae47d7a1b3ff74d6396d9a,19/06/2020,JUNHO,SEXTA-FEIRA,14,1
119802125,c6afedd6a9ee4b6c95b140613c52d47c,13/03/2020,MARCO,SEXTA-FEIRA,09,1
140618701,cd8b1e4377334ed198a37780f49fa2fe,30/12/2020,DEZEMBRO,QUARTA-FEIRA,15,0
120000415,cdb1d5e1f5834755bb09216666aa77e6,17/03/2020,MARCO,TERCA-FEIRA,12,0
47924062,fa0da7b97f66418dadb36e9996561c45,26/10/2020,OUTUBRO,SEGUNDA-FEIRA,21,1
48788254,58b673cb07074f9e9fe710e6e0682d8b,22/12/2020,DEZEMBRO,TERCA-FEIRA,16,1
124919963,2635f802d278433e88d882ef9607992c,30/04/2020,ABRIL,QUINTA-FEIRA,13,0
47825296,6fe1f9dd46054decbc6dfa84dfa5f5c8,20/10/2020,OUTUBRO,TERCA-FEIRA,14,1
47533230,cb949bcaa5f34e4fbba989caae0ab3ca,29/09/2020,SETEMBRO,TERCA-FEIRA,22,1
48489892,50ad10220f9a48dea19aad2722a9a0bc,27/11/2020,NOVEMBRO,SEXTA-FEIRA,12,1
138886085,93d41d2c7e8a4f3b9a71cd9254b05f4f,25/11/2020,NOVEMBRO,QUARTA-FEIRA,16,1
131474257,270a3d5a6141454b9326e73e207cb870,07/08/2020,AGOSTO,SEXTA-FEIRA,13,1
131692189,fe92248729c44f448481c5780127e6d1,12/08/2020,AGOSTO,QUARTA-FEIRA,12,1
127615031,0688dba18bbc4e9ab8cbf2c92703659b,05/06/2020,JUNHO,SEXTA-FEIRA,10,1
138801599,4858668d70e64543bc5c183b6217753b,24/11/2020,NOVEMBRO,TERCA-FEIRA,13,1
125295197,67eb8d7841c043cfbc0895ea36b9fa17,03/05/2020,MAIO,DOMINGO,20,0
139405255,f17793b51e3c4d86ae1b9387599f219c,04/12/2020,DEZEMBRO,SEXTA-FEIRA,20,1
138647847,55e1e1b31472430b95bfb225a4a6bb9c,20/11/2020,NOVEMBRO,SEXTA-FEIRA,15,1
139541033,aa4d264e622e44e2aac05119fe8d57ad,09/12/2020,DEZEMBRO,QUARTA-FEIRA,09,1
46185416,cb284f17b2394444a92357e0742fa42c,06/07/2020,JULHO,SEGUNDA-FEIRA,09,1
138156863,1d5db3580f4f4c2b82ba40b4e9100f4d,12/11/2020,NOVEMBRO,QUINTA-FEIRA,15,0
132230687,67eb8d7841c043cfbc0895ea36b9fa17,23/08/2020,AGOSTO,DOMINGO,10,0
139497899,e87d305b09c7405a8e5e121d820b693d,07/12/2020,DEZEMBRO,SEGUNDA-FEIRA,16,1
137022229,e5fb508caefb416d9a3c8c5c76d0d8e0,23/10/2020,OUTUBRO,SEXTA-FEIRA,12,0
128257445,c1579e283c6640a4b23438b252d9fb4f,18/06/2020,JUNHO,QUINTA-FEIRA,09,1
118506377,f24852444d444a13852eead2d9b544ae,21/02/2020,FEVEREIRO,SEXTA-FEIRA,10,1
138192151,9e92559eb5814e28a035a0a7d7114545,13/11/2020,NOVEMBRO,SEXTA-FEIRA,10,1
47996576,37aa99081e3e428dbd01f9ca4ae9ea4d,01/11/2020,NOVEMBRO,DOMINGO,12,1
47995048,5520da44689f44ee9f1de0f3e6f9f2b8,31/10/2020,OUTUBRO,SABADO,16,1
123631349,a4e7ba4e37ab4b17b4c19605553d86cc,17/04/2020,ABRIL,SEXTA-FEIRA,10,1
128263297,9a02e3747f23406cb075c610bde7554e,18/06/2020,JUNHO,QUINTA-FEIRA,10,0
46410186,d6d15f0a48b04683bd06c60526e9f0c1,15/07/2020,JULHO,QUARTA-FEIRA,08,1
131903785,0aa9e4852ad14d0384b7cde5d6dcdb6d,17/08/2020,AGOSTO,SEGUNDA-FEIRA,10,0
132111437,4694534a1101482b927c45d08d44e4b0,20/08/2020,AGOSTO,QUINTA-FEIRA,13,1
135082025,73eaf2f4bab2436e9466d07571c68764,12/10/2020,OUTUBRO,SEGUNDA-FEIRA,15,1
129628913,d02b3f88a772486385642416b78714cc,07/07/2020,JULHO,TERCA-FEIRA,12,0
138336127,6168487489254a88b67b42ca992bca3c,16/11/2020,NOVEMBRO,SEGUNDA-FEIRA,11,0
48326134,86bc0a74ac0847a9b66a15227a9a4a66,15/11/2020,NOVEMBRO,DOMINGO,17,1
138471569,2becbe6f7e8b467e9dfc5cc9bdb3e795,18/11/2020,NOVEMBRO,QUARTA-FEIRA,10,1
134770751,d02b3f88a772486385642416b78714cc,06/10/2020,OUTUBRO,TERCA-FEIRA,17,1
120288411,270043c950d640df8904ddd376a8c3de,20/03/2020,MARCO,SEXTA-FEIRA,15,0
121791275,6844c3514dc54f04a47ef4f6a9f2e8ab,03/04/2020,ABRIL,SEXTA-FEIRA,16,1
138573261,2d21766af5284a519bb4490ecbe9e0c8,19/11/2020,NOVEMBRO,QUINTA-FEIRA,15,1
132841969,4858668d70e64543bc5c183b6217753b,02/09/2020,SETEMBRO,QUARTA-FEIRA,15,1
47554800,df0da1fd1fa54a40acb6648bbf3749a7,01/10/2020,OUTUBRO,QUINTA-FEIRA,11,1
123964149,191148ff29c64629b1edf90bfb721256,22/04/2020,ABRIL,QUARTA-FEIRA,15,1
139665765,683bddb32679404c93307cbbe8a8e0d0,10/12/2020,DEZEMBRO,QUINTA-FEIRA,16,0
134260477,d6d15f0a48b04683bd06c60526e9f0c1,28/09/2020,SETEMBRO,SEGUNDA-FEIRA,09,0
43511528,30b73979f70541d6857e2f86872adfed,22/04/2020,ABRIL,QUARTA-FEIRA,16,1
130064981,d8e8d6d11315455299baa6c3a5b0da64,14/07/2020,JULHO,TERCA-FEIRA,13,1
48599142,4e565ad9e71147cea5095d559cf6220e,08/12/2020,DEZEMBRO,TERCA-FEIRA,15,1
139733883,a6f1d5285eb24ef6b9d3cf80b589aa8c,11/12/2020,DEZEMBRO,SEXTA-FEIRA,16,0
46777900,a4e7ba4e37ab4b17b4c19605553d86cc,20/08/2020,AGOSTO,QUINTA-FEIRA,14,1
130318631,ad02d20c1cf640b0b37e8c748bb338c1,18/07/2020,JULHO,SABADO,12,0
118085629,f86a15d3c46b4ac19aa3654bb51f55fe,14/02/2020,FEVEREIRO,SEXTA-FEIRA,16,1
140314283,eab8fbcc286f4561aa6f74301c16572c,23/12/2020,DEZEMBRO,QUARTA-FEIRA,13,0
123566451,ef1288f082d14ce39995ba0e62a9ff5d,16/04/2020,ABRIL,QUINTA-FEIRA,13,1
48458876,12e3286f48c843eea465347244274317,25/11/2020,NOVEMBRO,QUARTA-FEIRA,11,1
48487670,2af312c3495043c492c127c1d5ff89fe,27/11/2020,NOVEMBRO,SEXTA-FEIRA,09,1
131747371,999dc7e2ad0640419092fff1fa72e05c,13/08/2020,AGOSTO,QUINTA-FEIRA,11,1
139491709,e87d305b09c7405a8e5e121d820b693d,07/12/2020,DEZEMBRO,SEGUNDA-FEIRA,15,1
137022667,342f6adede604e2d87d640288455a86c,23/10/2020,OUTUBRO,SEXTA-FEIRA,12,1
48754532,999dc7e2ad0640419092fff1fa72e05c,19/12/2020,DEZEMBRO,SABADO,06,1
123264763,e97f09003903453a81269cb1996d2ced,14/04/2020,ABRIL,TERCA-FEIRA,10,1
137696487,c0b250b2e4f64bda9a64530a7b73cf88,04/11/2020,NOVEMBRO,QUARTA-FEIRA,14,0
125817227,6c4e77603cc248569d5a10c2c5ef9a28,10/05/2020,MAIO,DOMINGO,13,0
42088356,6849fe25a3224da4afc80248c6bcd5e9,05/04/2020,ABRIL,DOMINGO,18,1
47022622,c4abac3d07954e3ba8e0bed46a093311,01/09/2020,SETEMBRO,TERCA-FEIRA,15,1
46528404,c829a5e0c23147c9854ccf3f2043d7ea,28/07/2020,JULHO,TERCA-FEIRA,10,1
47850180,87adca903e4143edb420f433427bd636,21/10/2020,OUTUBRO,QUARTA-FEIRA,21,1
140545925,b433f4695ba54e638aee6503c5117109,29/12/2020,DEZEMBRO,TERCA-FEIRA,15,1
45325220,1ca382fb705349feac5a7004d95cc658,09/06/2020,JUNHO,TERCA-FEIRA,12,1
140027279,dbceb089294a43239e99f45df0a5982f,17/12/2020,DEZEMBRO,QUINTA-FEIRA,14,1
133181545,226f632dd8754fc6b99594cc6b1fcb0a,08/09/2020,SETEMBRO,TERCA-FEIRA,20,1
130292065,776871c9b81b4998aa63a04b0311977a,17/07/2020,JULHO,SEXTA-FEIRA,15,1
135003125,15155fa725f048b3a4c6b3b10a7aa733,10/10/2020,OUTUBRO,SABADO,11,1
44379180,5752221717994b2dada61786c6e4a372,02/05/2020,MAIO,SABADO,10,1
48558532,d191d59c0d2048c3a2a9c667afd08344,03/12/2020,DEZEMBRO,QUINTA-FEIRA,16,1
117359793,c162de451248401b94dc17e4d5bdc0df,07/02/2020,FEVEREIRO,SEXTA-FEIRA,06,1
125466087,78ceb86e84eb4f08825f5a057bf8f3c3,05/05/2020,MAIO,TERCA-FEIRA,12,0
116145357,9dd041469b384707af584ef6721d7e15,27/01/2020,JANEIRO,SEGUNDA-FEIRA,11,0
137713793,6c9ad3a80bae49b6a1bc8e788239e8f9,04/11/2020,NOVEMBRO,QUARTA-FEIRA,17,1
131895083,23723b5ae2b04710a45930c4fcb6458b,17/08/2020,AGOSTO,SEGUNDA-FEIRA,09,1
130858825,62e5244abf4345ac8a3b0a70caa59972,28/07/2020,JULHO,TERCA-FEIRA,15,1
129614333,db38d20b198743e186a35890d6b640f3,07/07/2020,JULHO,TERCA-FEIRA,10,0
130111937,1bae60da83e842f6b19997e4800ddccb,15/07/2020,JULHO,QUARTA-FEIRA,09,1
123841433,cdb1d5e1f5834755bb09216666aa77e6,21/04/2020,ABRIL,TERCA-FEIRA,09,1
117478909,cd8b1e4377334ed198a37780f49fa2fe,07/02/2020,FEVEREIRO,SEXTA-FEIRA,18,0
123833111,564e19b1b2464066b728f755c92dd673,21/04/2020,ABRIL,TERCA-FEIRA,08,1
118853747,f04b82907d58474dac86d748087fbd95,27/02/2020,FEVEREIRO,QUINTA-FEIRA,12,1
47521050,78ceb86e84eb4f08825f5a057bf8f3c3,29/09/2020,SETEMBRO,TERCA-FEIRA,13,1
127651897,c451eee1eba24c5ea4d9b3c4f79cff9a,05/06/2020,JUNHO,SEXTA-FEIRA,15,0
134755875,727673e2245d441b9e2ef07f093d8d8d,06/10/2020,OUTUBRO,TERCA-FEIRA,14,1
127185457,23723b5ae2b04710a45930c4fcb6458b,29/05/2020,MAIO,SEXTA-FEIRA,10,0
44053990,1ca382fb705349feac5a7004d95cc658,27/04/2020,ABRIL,SEGUNDA-FEIRA,19,1
128732311,cb56f1d702c742b6b41ed2f2c28183e0,24/06/2020,JUNHO,QUARTA-FEIRA,21,1
138659445,776b3cb9d8144952bd4f4d20321b3745,20/11/2020,NOVEMBRO,SEXTA-FEIRA,17,1
133055849,d6d15f0a48b04683bd06c60526e9f0c1,07/09/2020,SETEMBRO,SEGUNDA-FEIRA,10,1
136867539,500b9bf864ff46f99ec630543c7c0bb9,21/10/2020,OUTUBRO,QUARTA-FEIRA,13,1
127912959,8f095357973f4033b46308c9213f9981,12/06/2020,JUNHO,SEXTA-FEIRA,08,1
136971977,c71daab876ce49f2872a95a2facdfc36,22/10/2020,OUTUBRO,QUINTA-FEIRA,16,1
136953873,a06c2690d648494f9177d91fb623c575,22/10/2020,OUTUBRO,QUINTA-FEIRA,13,1
133222627,e483bc7c34644bd8a693fc6671819d1b,09/09/2020,SETEMBRO,QUARTA-FEIRA,12,0
137214855,e5fb508caefb416d9a3c8c5c76d0d8e0,27/10/2020,OUTUBRO,TERCA-FEIRA,14,1
128216523,342f6adede604e2d87d640288455a86c,17/06/2020,JUNHO,QUARTA-FEIRA,13,1
43316894,2c4d9dfaaec641cd98c3451931ad67e7,14/04/2020,ABRIL,TERCA-FEIRA,18,1
44097186,c4a2f69f8c2e40a29bca3d95ac3ba316,29/04/2020,ABRIL,QUARTA-FEIRA,10,1
139022215,776b3cb9d8144952bd4f4d20321b3745,27/11/2020,NOVEMBRO,SEXTA-FEIRA,16,1
138233419,3435dafdbf794ba3be149ca97a07a160,13/11/2020,NOVEMBRO,SEXTA-FEIRA,18,0
125029721,67eb8d7841c043cfbc0895ea36b9fa17,01/05/2020,MAIO,SEXTA-FEIRA,17,0
134935325,d6d15f0a48b04683bd06c60526e9f0c1,09/10/2020,OUTUBRO,SEXTA-FEIRA,08,1
118517185,aa4d264e622e44e2aac05119fe8d57ad,21/02/2020,FEVEREIRO,SEXTA-FEIRA,11,1
47228548,40897170c9d547c583fbbf0492cc78df,13/09/2020,SETEMBRO,DOMINGO,15,1
134428467,c2b5ff411fd74df3a81353691a92765e,30/09/2020,SETEMBRO,QUARTA-FEIRA,11,1
139859105,60d3377fd6354086a2e26112818fb942,14/12/2020,DEZEMBRO,SEGUNDA-FEIRA,20,0
136644245,776b3cb9d8144952bd4f4d20321b3745,16/10/2020,OUTUBRO,SEXTA-FEIRA,17,0
137961597,7dd2ba80eb8a4bb883a95230243dc5db,09/11/2020,NOVEMBRO,SEGUNDA-FEIRA,16,1
123479177,2c4d9dfaaec641cd98c3451931ad67e7,15/04/2020,ABRIL,QUARTA-FEIRA,14,1
140473669,10c98b9bc39f4766a59e1cd99aeb74ea,28/12/2020,DEZEMBRO,SEGUNDA-FEIRA,16,0
137342787,a6ef3c80341d4f52b5623813f4d20392,29/10/2020,OUTUBRO,QUINTA-FEIRA,12,1
45294824,5b4349844f364243949803d18fe156ea,07/06/2020,JUNHO,DOMINGO,20,1
140552233,3435dafdbf794ba3be149ca97a07a160,29/12/2020,DEZEMBRO,TERCA-FEIRA,16,0
124884411,66cc244542c646959f048fff5a286f49,30/04/2020,ABRIL,QUINTA-FEIRA,10,0
42107016,86bc0a74ac0847a9b66a15227a9a4a66,06/04/2020,ABRIL,SEGUNDA-FEIRA,16,1
137729891,2af312c3495043c492c127c1d5ff89fe,05/11/2020,NOVEMBRO,QUINTA-FEIRA,09,1
126794323,a8325b2a457148af8c5e3d9f6664b783,22/05/2020,MAIO,SEXTA-FEIRA,15,0
138224303,cd04d412d84943078cca4041b04941c1,13/11/2020,NOVEMBRO,SEXTA-FEIRA,16,1
137929245,77c6a00943c340089a89368a149d8ee7,09/11/2020,NOVEMBRO,SEGUNDA-FEIRA,11,1
46599772,41ee1f1959324992b9792c09ebbe5194,03/08/2020,AGOSTO,SEGUNDA-FEIRA,20,1
134400809,78ceb86e84eb4f08825f5a057bf8f3c3,30/09/2020,SETEMBRO,QUARTA-FEIRA,07,0
138226311,3ce7e7e0adcd40d3a869259d87e19637,13/11/2020,NOVEMBRO,SEXTA-FEIRA,16,0
137703095,31cc5cea53e44d809dcdb919c465b9f0,04/11/2020,NOVEMBRO,QUARTA-FEIRA,15,1
136509369,5f3f3e35864d4fd09160c986784d3427,14/10/2020,OUTUBRO,QUARTA-FEIRA,15,1
126577579,f04b82907d58474dac86d748087fbd95,20/05/2020,MAIO,QUARTA-FEIRA,14,0
120448865,2ae532f9b03944229f9eeaf61f0a89c9,23/03/2020,MARCO,SEGUNDA-FEIRA,13,1
127125203,56daf308a56a40f598c9a8f98342e0c8,28/05/2020,MAIO,QUINTA-FEIRA,13,0
46209532,d02b3f88a772486385642416b78714cc,07/07/2020,JULHO,TERCA-FEIRA,13,1
48631346,62ad174a8ca04596b04eae076ea04c4a,11/12/2020,DEZEMBRO,SEXTA-FEIRA,00,1
137544079,770c078e882449b69674a57557d0dad9,02/11/2020,NOVEMBRO,SEGUNDA-FEIRA,13,0
138153525,c3bd7f41bdae47e89c751fe771f927ec,12/11/2020,NOVEMBRO,QUINTA-FEIRA,14,1
47713450,497b3d10c5c641bfafb3b235835df889,12/10/2020,OUTUBRO,SEGUNDA-FEIRA,16,1
140272159,b21ce0602d6648139ef9659f1ee6ce6f,22/12/2020,DEZEMBRO,TERCA-FEIRA,17,1
137543449,c01cf162fd6b4c008d0a3b53acd462c8,02/11/2020,NOVEMBRO,SEGUNDA-FEIRA,13,0
130885953,9aa5025024934cf3abd809c6f812d48d,29/07/2020,JULHO,QUARTA-FEIRA,09,1
48533522,2dc95bdbfca44f30841fbaf8164ec946,02/12/2020,DEZEMBRO,QUARTA-FEIRA,11,1
138154811,ea112308d00446cd811c8ec5302d06fc,12/11/2020,NOVEMBRO,QUINTA-FEIRA,15,0
43561248,224b304199ed4c35b74e09a367e4a38c,24/04/2020,ABRIL,SEXTA-FEIRA,15,1
118979835,c4abac3d07954e3ba8e0bed46a093311,28/02/2020,FEVEREIRO,SEXTA-FEIRA,17,1
131391783,c01cf162fd6b4c008d0a3b53acd462c8,06/08/2020,AGOSTO,QUINTA-FEIRA,10,1
128195965,4d87c231784044ec8cfa3289d72664cc,17/06/2020,JUNHO,QUARTA-FEIRA,10,1
122045069,bf4bff21864f48c6ae50a46e49992e93,07/04/2020,ABRIL,TERCA-FEIRA,10,0
140459375,e2482ae52bda453698d60da811b8a125,28/12/2020,DEZEMBRO,SEGUNDA-FEIRA,15,1
127459133,94df02245f274e44971470a8554fe87d,03/06/2020,JUNHO,QUARTA-FEIRA,09,1
48639954,9febe9e0b61545898d8cc0009c541653,11/12/2020,DEZEMBRO,SEXTA-FEIRA,18,1
123273015,e2db970a519741d7a8b6455dcfb93357,14/04/2020,ABRIL,TERCA-FEIRA,10,0
138826285,b9d8ea8021654c30a01f5bd266ac8eb0,24/11/2020,NOVEMBRO,TERCA-FEIRA,17,1
140504905,beef7659636e4672b38d1999dd79ba93,29/12/2020,DEZEMBRO,TERCA-FEIRA,10,1
118468935,f04b82907d58474dac86d748087fbd95,20/02/2020,FEVEREIRO,QUINTA-FEIRA,17,1
130889291,f62d4c259e9e4cff887b4a851f4c1c58,29/07/2020,JULHO,QUARTA-FEIRA,10,1
116617631,533a81b2db14429ca059cef18b7bb56e,31/01/2020,JANEIRO,SEXTA-FEIRA,14,1
138148605,3e69dfcb1b114955b06bbeb12a07d9ce,12/11/2020,NOVEMBRO,QUINTA-FEIRA,14,1
45109558,40897170c9d547c583fbbf0492cc78df,29/05/2020,MAIO,SEXTA-FEIRA,08,1
131004133,fbb3239246734a198492e61048bac1f5,30/07/2020,JULHO,QUINTA-FEIRA,15,0
42017936,4e559eab3e054ac6bc038522f5586b4d,02/04/2020,ABRIL,QUINTA-FEIRA,14,1
137169795,1c4dfc62745b430e8e5584632d6ed959,26/10/2020,OUTUBRO,SEGUNDA-FEIRA,16,1
137751559,7a600080fbc642bda80cbfabf49d9be9,05/11/2020,NOVEMBRO,QUINTA-FEIRA,13,1
131426691,b41ceeb40da949169dce3e623c143f8f,06/08/2020,AGOSTO,QUINTA-FEIRA,16,0
48178534,478f1d1946054e38a66fb3da38ef755e,12/11/2020,NOVEMBRO,QUINTA-FEIRA,22,1
116814801,73cfb0eb9a4d4d59a181feaedc4a52a3,03/02/2020,FEVEREIRO,SEGUNDA-FEIRA,13,1
134369635,776b3cb9d8144952bd4f4d20321b3745,29/09/2020,SETEMBRO,TERCA-FEIRA,14,1
131187539,b608617d1ac44c3884165e99c0781d9f,03/08/2020,AGOSTO,SEGUNDA-FEIRA,14,0
131088803,bfff8ec4ffe44a689ac6e831c97894f8,31/07/2020,JULHO,SEXTA-FEIRA,16,0
47084928,5187929d08a6478c8fccaf4eaeea9cce,04/09/2020,SETEMBRO,SEXTA-FEIRA,11,1
136967533,a43c3b34758943a999d98c4095439c8d,22/10/2020,OUTUBRO,QUINTA-FEIRA,15,1
44486854,fa7e253f3ce347cea79b1ea04bd297b4,05/05/2020,MAIO,TERCA-FEIRA,08,1
119123209,ce4b57d989544c38bdd8ec08aa01fe6c,02/03/2020,MARCO,SEGUNDA-FEIRA,15,0
48793142,fc203b49141948f6978ee2ce9b20b60f,23/12/2020,DEZEMBRO,QUARTA-FEIRA,09,1
43416296,7d72d804e05f47de8b03356bb6da8380,17/04/2020,ABRIL,SEXTA-FEIRA,18,1
136600501,770c078e882449b69674a57557d0dad9,16/10/2020,OUTUBRO,SEXTA-FEIRA,09,0
134748267,d02b3f88a772486385642416b78714cc,06/10/2020,OUTUBRO,TERCA-FEIRA,13,0
139700749,d2f463f6ae8f4d878c54b518ba1af9ea,11/12/2020,DEZEMBRO,SEXTA-FEIRA,11,0
48502148,37aa99081e3e428dbd01f9ca4ae9ea4d,28/11/2020,NOVEMBRO,SABADO,15,1
48838200,3435dafdbf794ba3be149ca97a07a160,29/12/2020,DEZEMBRO,TERCA-FEIRA,10,1
48392308,44823c22021244dcb746240dbde2e4a6,19/11/2020,NOVEMBRO,QUINTA-FEIRA,13,1
121077879,564e19b1b2464066b728f755c92dd673,30/03/2020,MARCO,SEGUNDA-FEIRA,09,0
138030321,e5fb508caefb416d9a3c8c5c76d0d8e0,10/11/2020,NOVEMBRO,TERCA-FEIRA,16,1
131426603,c01cf162fd6b4c008d0a3b53acd462c8,06/08/2020,AGOSTO,QUINTA-FEIRA,16,0
137771957,8c01b5b54afc4b20b06ee6f88fa5dc4e,05/11/2020,NOVEMBRO,QUINTA-FEIRA,16,0
121106387,ac8fa2a948c14e1b88e038737165ad82,30/03/2020,MARCO,SEGUNDA-FEIRA,11,1
137765121,6cc58a2625d84165a69aca9f349cb97b,05/11/2020,NOVEMBRO,QUINTA-FEIRA,15,0
137178423,f17793b51e3c4d86ae1b9387599f219c,26/10/2020,OUTUBRO,SEGUNDA-FEIRA,18,1
119264167,342f6adede604e2d87d640288455a86c,04/03/2020,MARCO,QUARTA-FEIRA,11,0
46048078,4af047e372a34fb4bdccd6b4eea23241,29/06/2020,JUNHO,SEGUNDA-FEIRA,12,1
124785217,1645ee6b29c747ea973f891fecc560d4,29/04/2020,ABRIL,QUARTA-FEIRA,08,1
48494830,b9d8ea8021654c30a01f5bd266ac8eb0,27/11/2020,NOVEMBRO,SEXTA-FEIRA,17,1
47354570,b6d57cd98e6f4650837ab2d4193e2766,20/09/2020,SETEMBRO,DOMINGO,22,1
129248227,ef457f20b5174af0b6516d9ac36ba2ee,01/07/2020,JULHO,QUARTA-FEIRA,09,0
139493377,4694534a1101482b927c45d08d44e4b0,07/12/2020,DEZEMBRO,SEGUNDA-FEIRA,15,1
137958501,727673e2245d441b9e2ef07f093d8d8d,09/11/2020,NOVEMBRO,SEGUNDA-FEIRA,15,1
133553235,d82845a7378844aa80dc5a1232c3d32c,15/09/2020,SETEMBRO,TERCA-FEIRA,15,0
119378705,0a90e59d7cf74348848e06daf52f4f47,05/03/2020,MARCO,QUINTA-FEIRA,17,1
138567545,f8ac210d18b64fd183d178e02916a600,19/11/2020,NOVEMBRO,QUINTA-FEIRA,15,1
126300051,67eb8d7841c043cfbc0895ea36b9fa17,17/05/2020,MAIO,DOMINGO,22,0
134492567,d6d15f0a48b04683bd06c60526e9f0c1,01/10/2020,OUTUBRO,QUINTA-FEIRA,09,0
132955935,f0cb5e3c1cac4fc18313931faf2421f2,04/09/2020,SETEMBRO,SEXTA-FEIRA,12,1
120866329,7d7e906ad73e482584ff85522841f694,26/03/2020,MARCO,QUINTA-FEIRA,18,0
134890201,8d9e4b58cbc44c3dbaa88df95b945998,08/10/2020,OUTUBRO,QUINTA-FEIRA,12,1
119251437,bf4bff21864f48c6ae50a46e49992e93,04/03/2020,MARCO,QUARTA-FEIRA,10,0
120616187,270043c950d640df8904ddd376a8c3de,24/03/2020,MARCO,TERCA-FEIRA,17,0
133530877,533a81b2db14429ca059cef18b7bb56e,15/09/2020,SETEMBRO,TERCA-FEIRA,10,1
48183498,7f6e4953056043dc8b03890944b4cd43,13/11/2020,NOVEMBRO,SEXTA-FEIRA,09,1
136962001,0c21f7112e314724a022d754bc673612,22/10/2020,OUTUBRO,QUINTA-FEIRA,14,1
120484423,aa414af793d143e799b672a39065edd0,23/03/2020,MARCO,SEGUNDA-FEIRA,15,1
138755821,67962dde74544090aaeaed2520e5dafe,23/11/2020,NOVEMBRO,SEGUNDA-FEIRA,16,1
137737319,6acbd140cb63435fb203607188a3b2f3,05/11/2020,NOVEMBRO,QUINTA-FEIRA,10,0
134994881,67eb8d7841c043cfbc0895ea36b9fa17,09/10/2020,OUTUBRO,SEXTA-FEIRA,20,0
139694417,696bd5799742465f90744b0d75d7a75f,11/12/2020,DEZEMBRO,SEXTA-FEIRA,10,1
125693213,2635f802d278433e88d882ef9607992c,08/05/2020,MAIO,SEXTA-FEIRA,09,0
140298331,fc203b49141948f6978ee2ce9b20b60f,23/12/2020,DEZEMBRO,QUARTA-FEIRA,11,0
140553819,9e92559eb5814e28a035a0a7d7114545,29/12/2020,DEZEMBRO,TERCA-FEIRA,16,1
140502039,89a7987d4bb74081943dcf220d2292eb,29/12/2020,DEZEMBRO,TERCA-FEIRA,10,0
116411633,f04b82907d58474dac86d748087fbd95,29/01/2020,JANEIRO,QUARTA-FEIRA,15,1
127431945,c67e143369ac422697907254d4377c10,02/06/2020,JUNHO,TERCA-FEIRA,16,0
47625946,36f046bba88d46ae9f67e46c60323066,07/10/2020,OUTUBRO,QUARTA-FEIRA,08,1
140027237,3120e56e804849939f22b4806d85e319,17/12/2020,DEZEMBRO,QUINTA-FEIRA,14,1
133355147,3a78c487bea845b08dfbfe607c308367,11/09/2020,SETEMBRO,SEXTA-FEIRA,10,1
138027861,b9d8ea8021654c30a01f5bd266ac8eb0,10/11/2020,NOVEMBRO,TERCA-FEIRA,16,1
126994759,01c79a286b474f73bdd42c65cbb9c74c,26/05/2020,MAIO,TERCA-FEIRA,16,0
137152247,97c6a29dba404f14b69587ce9070f5ea,26/10/2020,OUTUBRO,SEGUNDA-FEIRA,13,1
120327345,0aa9e4852ad14d0384b7cde5d6dcdb6d,21/03/2020,MARCO,SABADO,11,0
44728184,9aa5025024934cf3abd809c6f812d48d,14/05/2020,MAIO,QUINTA-FEIRA,16,1
138137465,deac66d501574f6990e1da0913da4593,12/11/2020,NOVEMBRO,QUINTA-FEIRA,12,1
139358151,e2db970a519741d7a8b6455dcfb93357,04/12/2020,DEZEMBRO,SEXTA-FEIRA,11,1
46515568,e82e922fff884644b082249aeb56557b,26/07/2020,JULHO,DOMINGO,21,1
41770130,212b0363974e4b768655eb46e6183166,24/03/2020,MARCO,TERCA-FEIRA,15,1
46672230,c1f6cb6af1f044318cea69e551be320b,11/08/2020,AGOSTO,TERCA-FEIRA,13,1
47263486,4fc83310c9cc44ef8e2bbdf850ff5187,15/09/2020,SETEMBRO,TERCA-FEIRA,12,1
134936937,d8d08d7850134a1da0ca527e337b44b7,09/10/2020,OUTUBRO,SEXTA-FEIRA,08,0
43393442,107c40186ad0458c974ea02e6681a665,16/04/2020,ABRIL,QUINTA-FEIRA,17,1
138034811,843c905e328740c19257562791a56538,10/11/2020,NOVEMBRO,TERCA-FEIRA,17,0
139707303,a0d1c3ac074f46e0bed2033e3b850b73,11/12/2020,DEZEMBRO,SEXTA-FEIRA,12,0
116415417,cd8b1e4377334ed198a37780f49fa2fe,29/01/2020,JANEIRO,QUARTA-FEIRA,16,0
130996481,6b1bc926baf34b37ad9b2030a197ae03,30/07/2020,JULHO,QUINTA-FEIRA,14,0
140518041,b21ce0602d6648139ef9659f1ee6ce6f,29/12/2020,DEZEMBRO,TERCA-FEIRA,12,1
134106099,342f6adede604e2d87d640288455a86c,24/09/2020,SETEMBRO,QUINTA-FEIRA,12,1
120643425,7af144d5f2e64a598707726ebf853529,25/03/2020,MARCO,QUARTA-FEIRA,08,0
47883574,30b73979f70541d6857e2f86872adfed,23/10/2020,OUTUBRO,SEXTA-FEIRA,12,1
116116225,67eb8d7841c043cfbc0895ea36b9fa17,26/01/2020,JANEIRO,DOMINGO,20,0
45014380,25817d9f4ca24430bcbf1ecd621f7da6,25/05/2020,MAIO,SEGUNDA-FEIRA,12,1
45528734,b41ceeb40da949169dce3e623c143f8f,16/06/2020,JUNHO,TERCA-FEIRA,11,1
128569903,24ea23283533434bb6055b1e9117dde4,23/06/2020,JUNHO,TERCA-FEIRA,09,1
119138151,95b00d20994a4ca9ab776610edc52d78,02/03/2020,MARCO,SEGUNDA-FEIRA,17,0
139976823,e56d9fb4c02446c9b4fbec20b825250e,16/12/2020,DEZEMBRO,QUARTA-FEIRA,16,0
48779654,f0e590a19c954e499eb5501dd62afdc0,21/12/2020,DEZEMBRO,SEGUNDA-FEIRA,23,1
134007317,d33c6f99fffb4ec39c2f94c90db08781,22/09/2020,SETEMBRO,TERCA-FEIRA,15,1
120782013,7d7e906ad73e482584ff85522841f694,26/03/2020,MARCO,QUINTA-FEIRA,10,0
138659333,9f0830074a364851ad0d5af177560e03,20/11/2020,NOVEMBRO,SEXTA-FEIRA,18,0
139024917,15155fa725f048b3a4c6b3b10a7aa733,27/11/2020,NOVEMBRO,SEXTA-FEIRA,16,1
127870831,9a02e3747f23406cb075c610bde7554e,10/06/2020,JUNHO,QUARTA-FEIRA,14,0
138223859,696bd5799742465f90744b0d75d7a75f,13/11/2020,NOVEMBRO,SEXTA-FEIRA,15,0
118760057,342f6adede604e2d87d640288455a86c,26/02/2020,FEVEREIRO,QUARTA-FEIRA,12,1
129301481,776b3cb9d8144952bd4f4d20321b3745,01/07/2020,JULHO,QUARTA-FEIRA,19,1
140546965,b433f4695ba54e638aee6503c5117109,29/12/2020,DEZEMBRO,TERCA-FEIRA,15,1
136693317,87adca903e4143edb420f433427bd636,19/10/2020,OUTUBRO,SEGUNDA-FEIRA,09,0
133481037,cd8b1e4377334ed198a37780f49fa2fe,14/09/2020,SETEMBRO,SEGUNDA-FEIRA,13,0
131339843,270a3d5a6141454b9326e73e207cb870,05/08/2020,AGOSTO,QUARTA-FEIRA,14,1
124094003,0688dba18bbc4e9ab8cbf2c92703659b,24/04/2020,ABRIL,SEXTA-FEIRA,12,1
43857312,9f9adfcb0d5541de96cec459c3a4735c,26/04/2020,ABRIL,DOMINGO,23,1
125767007,df0da1fd1fa54a40acb6648bbf3749a7,08/05/2020,MAIO,SEXTA-FEIRA,16,0
46221358,fc203b49141948f6978ee2ce9b20b60f,07/07/2020,JULHO,TERCA-FEIRA,18,1
122325035,593dd4c5c4184e7ebc96fbad051d6bc6,08/04/2020,ABRIL,QUARTA-FEIRA,18,0
139549579,c67e143369ac422697907254d4377c10,09/12/2020,DEZEMBRO,QUARTA-FEIRA,10,1
43351934,776871c9b81b4998aa63a04b0311977a,15/04/2020,ABRIL,QUARTA-FEIRA,10,1
127898391,76e7529747ad4f03b60e2c1fb1ff6f59,11/06/2020,JUNHO,QUINTA-FEIRA,11,0
47749634,525f589ca6b04b878773dc0355ce5232,15/10/2020,OUTUBRO,QUINTA-FEIRA,10,1
137029779,01085ad018d44065915af6d22467217b,23/10/2020,OUTUBRO,SEXTA-FEIRA,13,0
125807141,6ab685b93fb14179a03fc05bcf3a78c2,09/05/2020,MAIO,SABADO,18,0
130716137,a54cc9d35a0c48d7b0bdf61061c3c9de,26/07/2020,JULHO,DOMINGO,13,0
138575843,74220ba448e94246a9a3d82d83b8a250,19/11/2020,NOVEMBRO,QUINTA-FEIRA,15,1
47578150,47024ee1460c489ba96d30515515ad65,02/10/2020,OUTUBRO,SEXTA-FEIRA,13,1
138952893,f144787cc89a4fab9bececcedf5d5595,26/11/2020,NOVEMBRO,QUINTA-FEIRA,17,1
139246517,4694534a1101482b927c45d08d44e4b0,02/12/2020,DEZEMBRO,QUARTA-FEIRA,15,0
139303591,c4abac3d07954e3ba8e0bed46a093311,03/12/2020,DEZEMBRO,QUINTA-FEIRA,12,1
130829331,256fbb9a30f74256ae6808e95a1b1501,28/07/2020,JULHO,TERCA-FEIRA,11,1
139296365,5eb2efecf246497fa3156903867b4453,03/12/2020,DEZEMBRO,QUINTA-FEIRA,11,1
139222915,8b5fc62b3b9f4ec4a81b5bee67eb9ddb,02/12/2020,DEZEMBRO,QUARTA-FEIRA,12,1
124856477,76e7529747ad4f03b60e2c1fb1ff6f59,29/04/2020,ABRIL,QUARTA-FEIRA,16,0
48076686,87adca903e4143edb420f433427bd636,06/11/2020,NOVEMBRO,SEXTA-FEIRA,13,1
46322514,9dd041469b384707af584ef6721d7e15,09/07/2020,JULHO,QUINTA-FEIRA,11,1
47635494,49699183fea34998bebab46ffcc23eae,07/10/2020,OUTUBRO,QUARTA-FEIRA,14,1
48333216,224b304199ed4c35b74e09a367e4a38c,16/11/2020,NOVEMBRO,SEGUNDA-FEIRA,10,1
125575205,11903b943b524a65aa5631088f53668d,06/05/2020,MAIO,QUARTA-FEIRA,14,1
120520287,d8d08d7850134a1da0ca527e337b44b7,23/03/2020,MARCO,SEGUNDA-FEIRA,20,1
47807120,49699183fea34998bebab46ffcc23eae,19/10/2020,OUTUBRO,SEGUNDA-FEIRA,15,1
138722447,7232fbe49bff4725aa125974bd98ac4f,23/11/2020,NOVEMBRO,SEGUNDA-FEIRA,11,0
46654228,5ef6ca961e354e52898331effdb98fc6,09/08/2020,AGOSTO,DOMINGO,19,1
43384874,107c40186ad0458c974ea02e6681a665,16/04/2020,ABRIL,QUINTA-FEIRA,13,1
126119633,dfa3a6a8c8354d829bdf5056588713b3,14/05/2020,MAIO,QUINTA-FEIRA,11,0
126931929,bf4bff21864f48c6ae50a46e49992e93,26/05/2020,MAIO,TERCA-FEIRA,08,0
41078250,b7f6105b96544ffda9183cc5c5d920d2,13/02/2020,FEVEREIRO,QUINTA-FEIRA,01,1
139877183,bdd8825296b64b10834e4d011bb7e565,15/12/2020,DEZEMBRO,TERCA-FEIRA,11,1
138514465,c4a2f69f8c2e40a29bca3d95ac3ba316,18/11/2020,NOVEMBRO,QUARTA-FEIRA,17,1
48824190,d4841ad18c1e4199be8b55d259cd3083,28/12/2020,DEZEMBRO,SEGUNDA-FEIRA,11,1
123385835,6fe1f9dd46054decbc6dfa84dfa5f5c8,14/04/2020,ABRIL,TERCA-FEIRA,16,0
120964817,84eebe3b193842729006d6670b51e5f4,27/03/2020,MARCO,SEXTA-FEIRA,15,1
120191365,59fc44b7a1f6493fbb957d92edc3a7f9,19/03/2020,MARCO,QUINTA-FEIRA,17,1
127217385,c377eca363c245a080bb219f56d31f4b,29/05/2020,MAIO,SEXTA-FEIRA,15,1
139822375,59fc44b7a1f6493fbb957d92edc3a7f9,14/12/2020,DEZEMBRO,SEGUNDA-FEIRA,12,1
130890783,cb949bcaa5f34e4fbba989caae0ab3ca,29/07/2020,JULHO,QUARTA-FEIRA,10,0
139428729,47024ee1460c489ba96d30515515ad65,05/12/2020,DEZEMBRO,SABADO,18,1
139402949,38841307eb5f4102b0ac6902e0d35fda,04/12/2020,DEZEMBRO,SEXTA-FEIRA,18,0
140038539,447ff5d5f8c242869c9878332932215c,17/12/2020,DEZEMBRO,QUINTA-FEIRA,16,1
139348785,4d87c231784044ec8cfa3289d72664cc,04/12/2020,DEZEMBRO,SEXTA-FEIRA,09,0
117935291,478f1d1946054e38a66fb3da38ef755e,12/02/2020,FEVEREIRO,QUARTA-FEIRA,17,1
126706047,983206a77e814bd390cf699f90da0125,21/05/2020,MAIO,QUINTA-FEIRA,17,0
47941268,62479164a3d64c66b526cc0222ebc0a2,27/10/2020,OUTUBRO,TERCA-FEIRA,21,1
47931660,9b463849eb7443f0b40b71382673a34c,27/10/2020,OUTUBRO,TERCA-FEIRA,12,1
138730135,48b585eeaaa74f49b4999153be898901,23/11/2020,NOVEMBRO,SEGUNDA-FEIRA,11,1
123265761,e2db970a519741d7a8b6455dcfb93357,14/04/2020,ABRIL,TERCA-FEIRA,10,0
138062867,e5d293bd8d2e49459ad1eada07d029e4,11/11/2020,NOVEMBRO,QUARTA-FEIRA,12,1
131592547,270a3d5a6141454b9326e73e207cb870,10/08/2020,AGOSTO,SEGUNDA-FEIRA,16,1
123387879,6c4e77603cc248569d5a10c2c5ef9a28,14/04/2020,ABRIL,TERCA-FEIRA,16,1
40053290,b6d57cd98e6f4650837ab2d4193e2766,28/01/2020,JANEIRO,TERCA-FEIRA,12,1
122211727,572e26e41f8c4c38a882c7bf9c027ebf,08/04/2020,ABRIL,QUARTA-FEIRA,10,1
122298039,6e36d116df944d30b4e19782be58e500,08/04/2020,ABRIL,QUARTA-FEIRA,15,1
48571928,1da55d838b2944169f4f1e45683ccf53,04/12/2020,DEZEMBRO,SEXTA-FEIRA,15,1
130207311,c71ac7d64c174cd39053ffb7115e895d,16/07/2020,JULHO,QUINTA-FEIRA,14,1
44861606,fdf4d2eebdce4edb86bfc106b1224254,20/05/2020,MAIO,QUARTA-FEIRA,14,1
139013853,5ac3ce1098904e05b9cd8016d258bb6c,27/11/2020,NOVEMBRO,SEXTA-FEIRA,15,1
122051271,24ea23283533434bb6055b1e9117dde4,07/04/2020,ABRIL,TERCA-FEIRA,11,1
139724559,019d690a96604a049ed58eea48a732a1,11/12/2020,DEZEMBRO,SEXTA-FEIRA,14,0
131185057,b8265749f3504295ae219c2451307721,03/08/2020,AGOSTO,SEGUNDA-FEIRA,12,1
116272909,a79682378e474d7fa5a481fd20253b46,28/01/2020,JANEIRO,TERCA-FEIRA,12,1
137195497,696bd5799742465f90744b0d75d7a75f,27/10/2020,OUTUBRO,TERCA-FEIRA,10,0
138335371,be2f667e703045ce91883641e8c6c0fe,16/11/2020,NOVEMBRO,SEGUNDA-FEIRA,11,1
129624707,5ce095386bc647a7b7c7734bb948ae79,07/07/2020,JULHO,TERCA-FEIRA,11,1
139118003,0b6f16ba02a34733bdfdecc234ab5d45,30/11/2020,NOVEMBRO,SEGUNDA-FEIRA,13,0
120841159,cd8b1e4377334ed198a37780f49fa2fe,26/03/2020,MARCO,QUINTA-FEIRA,15,0
134851565,1645ee6b29c747ea973f891fecc560d4,07/10/2020,OUTUBRO,QUARTA-FEIRA,19,1
123787507,4694534a1101482b927c45d08d44e4b0,20/04/2020,ABRIL,SEGUNDA-FEIRA,14,1
128883261,1ca382fb705349feac5a7004d95cc658,26/06/2020,JUNHO,SEXTA-FEIRA,13,1
48600222,880a9d15555d46789f63f3728e34ddda,08/12/2020,DEZEMBRO,TERCA-FEIRA,15,1
43528014,5ac87b2021e44cd99b2c7cf3b6da4b3b,23/04/2020,ABRIL,QUINTA-FEIRA,14,1
138059097,84e4de8dda4f4909b0d7890554e6394b,11/11/2020,NOVEMBRO,QUARTA-FEIRA,11,0
126241009,282cc01b932642c9b78d20640d381ff2,15/05/2020,MAIO,SEXTA-FEIRA,14,0
122027143,7af144d5f2e64a598707726ebf853529,07/04/2020,ABRIL,TERCA-FEIRA,09,0
45276458,5d731c3c3d964240a47899166768860d,05/06/2020,JUNHO,SEXTA-FEIRA,19,1
131593049,f3d5ceb1e8bf4088bd24d1c37a2bc257,10/08/2020,AGOSTO,SEGUNDA-FEIRA,17,0
122911883,39e44c0942824f99bfa6de1108598f79,13/04/2020,ABRIL,SEGUNDA-FEIRA,15,0
122394367,c01cf162fd6b4c008d0a3b53acd462c8,09/04/2020,ABRIL,QUINTA-FEIRA,12,0
136841413,24c213a821eb434ca5854c3d942690ca,21/10/2020,OUTUBRO,QUARTA-FEIRA,09,1
134669695,5b4349844f364243949803d18fe156ea,04/10/2020,OUTUBRO,DOMINGO,16,1
44045582,270043c950d640df8904ddd376a8c3de,27/04/2020,ABRIL,SEGUNDA-FEIRA,15,1
120029335,a3e45e7f3f514903b5cc3d790bdab7dd,17/03/2020,MARCO,TERCA-FEIRA,17,1
46860456,15155fa725f048b3a4c6b3b10a7aa733,26/08/2020,AGOSTO,QUARTA-FEIRA,00,1
124029809,17d932e6fbb1454b92c48bad8b148806,23/04/2020,ABRIL,QUINTA-FEIRA,14,0
131219399,c162de451248401b94dc17e4d5bdc0df,03/08/2020,AGOSTO,SEGUNDA-FEIRA,17,0
139427859,cd8b1e4377334ed198a37780f49fa2fe,05/12/2020,DEZEMBRO,SABADO,17,0
120922809,342f6adede604e2d87d640288455a86c,27/03/2020,MARCO,SEXTA-FEIRA,12,0
127222707,6168487489254a88b67b42ca992bca3c,29/05/2020,MAIO,SEXTA-FEIRA,15,1
47644358,a8325b2a457148af8c5e3d9f6664b783,07/10/2020,OUTUBRO,QUARTA-FEIRA,22,1
133146745,e2482ae52bda453698d60da811b8a125,08/09/2020,SETEMBRO,TERCA-FEIRA,12,0
42106614,115cb6abe4da4fe5a5f63ca391838dc1,06/04/2020,ABRIL,SEGUNDA-FEIRA,16,1
47192438,c09699189dd048089fd2816055d2c0e7,10/09/2020,SETEMBRO,QUINTA-FEIRA,18,1
45084368,6657241c0c5b4c48a049e86c34855bfc,27/05/2020,MAIO,QUARTA-FEIRA,20,1
133929975,4694534a1101482b927c45d08d44e4b0,21/09/2020,SETEMBRO,SEGUNDA-FEIRA,12,1
48109546,1dd87509471740cfa16008cfbf9af707,09/11/2020,NOVEMBRO,SEGUNDA-FEIRA,14,1
134337327,e483bc7c34644bd8a693fc6671819d1b,29/09/2020,SETEMBRO,TERCA-FEIRA,09,0
128217367,5ab4976fd0694663b84bef9f5a6f733c,17/06/2020,JUNHO,QUARTA-FEIRA,14,1
140315099,62e5244abf4345ac8a3b0a70caa59972,23/12/2020,DEZEMBRO,QUARTA-FEIRA,14,0
45919206,4694534a1101482b927c45d08d44e4b0,25/06/2020,JUNHO,QUINTA-FEIRA,15,1
118009449,b62a42749dfb4919a645e6c94c5d6fa6,13/02/2020,FEVEREIRO,QUINTA-FEIRA,16,0
138020739,f44488221cb942b2a82dcf745ef411c8,10/11/2020,NOVEMBRO,TERCA-FEIRA,14,1
116396545,6c4e77603cc248569d5a10c2c5ef9a28,29/01/2020,JANEIRO,QUARTA-FEIRA,14,0
123871319,4694534a1101482b927c45d08d44e4b0,21/04/2020,ABRIL,TERCA-FEIRA,14,1
120435167,7443a9ce923f4ad894106deb9a856065,23/03/2020,MARCO,SEGUNDA-FEIRA,12,1
132575091,84e4de8dda4f4909b0d7890554e6394b,28/08/2020,AGOSTO,SEXTA-FEIRA,15,0
43395558,24ea23283533434bb6055b1e9117dde4,16/04/2020,ABRIL,QUINTA-FEIRA,20,1
48529674,49699183fea34998bebab46ffcc23eae,01/12/2020,DEZEMBRO,TERCA-FEIRA,21,1
43342560,bf4bff21864f48c6ae50a46e49992e93,14/04/2020,ABRIL,TERCA-FEIRA,19,1
47579882,53b1ea7e1b67444f9ea948bc96d256cb,02/10/2020,OUTUBRO,SEXTA-FEIRA,13,1
48559698,abbafced7cde4634ade4de593e527f3e,03/12/2020,DEZEMBRO,QUINTA-FEIRA,18,1
43378894,107c40186ad0458c974ea02e6681a665,16/04/2020,ABRIL,QUINTA-FEIRA,10,1
133485845,b568bb096e4e41358931d0d33da25e08,14/09/2020,SETEMBRO,SEGUNDA-FEIRA,13,1
125533275,d8d08d7850134a1da0ca527e337b44b7,06/05/2020,MAIO,QUARTA-FEIRA,09,0
132005437,ed8fec871fdd4c7187c242b559d60f21,18/08/2020,AGOSTO,TERCA-FEIRA,21,0
131967493,c162de451248401b94dc17e4d5bdc0df,18/08/2020,AGOSTO,TERCA-FEIRA,11,1
46603228,b608617d1ac44c3884165e99c0781d9f,04/08/2020,AGOSTO,TERCA-FEIRA,10,1
47885134,01085ad018d44065915af6d22467217b,23/10/2020,OUTUBRO,SEXTA-FEIRA,14,1
46326406,c665aaec5bdd4659a5b1fd17682ec843,09/07/2020,JULHO,QUINTA-FEIRA,14,1
126089169,39e44c0942824f99bfa6de1108598f79,13/05/2020,MAIO,QUARTA-FEIRA,18,0
140686487,67eb8d7841c043cfbc0895ea36b9fa17,31/12/2020,DEZEMBRO,QUINTA-FEIRA,15,0
45112422,39e67df38c0a4c49bdac00719e9bbb87,29/05/2020,MAIO,SEXTA-FEIRA,11,1
123704215,564e19b1b2464066b728f755c92dd673,18/04/2020,ABRIL,SABADO,14,0
138909429,1fa4c912814b409b8bb34acd847c390f,26/11/2020,NOVEMBRO,QUINTA-FEIRA,10,1
139226777,a3e45e7f3f514903b5cc3d790bdab7dd,02/12/2020,DEZEMBRO,QUARTA-FEIRA,13,0
138694329,776b3cb9d8144952bd4f4d20321b3745,22/11/2020,NOVEMBRO,DOMINGO,11,1
48700726,ba3bdcfcf8f0496db4c6182552d52f3e,15/12/2020,DEZEMBRO,TERCA-FEIRA,20,1
133714379,6074e293fcb74a91ad0ed6a61262fce4,18/09/2020,SETEMBRO,SEXTA-FEIRA,09,1
127914299,c4e39de3479642398364851216b113d5,12/06/2020,JUNHO,SEXTA-FEIRA,07,0
41588266,a3c8d94747994b3ba71aa4bf8693e9fa,14/03/2020,MARCO,SABADO,23,1
133977181,d33c6f99fffb4ec39c2f94c90db08781,22/09/2020,SETEMBRO,TERCA-FEIRA,10,1
140501581,840e18df9c114d73a87dfc92f503df35,29/12/2020,DEZEMBRO,TERCA-FEIRA,10,0
137860687,ea112308d00446cd811c8ec5302d06fc,07/11/2020,NOVEMBRO,SABADO,11,1
125577265,11903b943b524a65aa5631088f53668d,06/05/2020,MAIO,QUARTA-FEIRA,14,1
138500019,e908558c40944475a3eb5e531117fa25,18/11/2020,NOVEMBRO,QUARTA-FEIRA,15,0
137681425,044b66daadb84aaf837dc5f3799571a4,04/11/2020,NOVEMBRO,QUARTA-FEIRA,12,0
118406725,8f095357973f4033b46308c9213f9981,20/02/2020,FEVEREIRO,QUINTA-FEIRA,09,1
124738245,776871c9b81b4998aa63a04b0311977a,28/04/2020,ABRIL,TERCA-FEIRA,13,1
134371091,73eaf2f4bab2436e9466d07571c68764,29/09/2020,SETEMBRO,TERCA-FEIRA,14,1
139399455,d4949a483357407fadd79c1b8e5584b2,04/12/2020,DEZEMBRO,SEXTA-FEIRA,17,1
137180035,f17793b51e3c4d86ae1b9387599f219c,26/10/2020,OUTUBRO,SEGUNDA-FEIRA,18,1
126154277,9aa5025024934cf3abd809c6f812d48d,14/05/2020,MAIO,QUINTA-FEIRA,16,1
48812458,cb949bcaa5f34e4fbba989caae0ab3ca,25/12/2020,DEZEMBRO,SEXTA-FEIRA,23,1
140515087,b21ce0602d6648139ef9659f1ee6ce6f,29/12/2020,DEZEMBRO,TERCA-FEIRA,11,1
138947861,1fa4c912814b409b8bb34acd847c390f,26/11/2020,NOVEMBRO,QUINTA-FEIRA,16,1
138233681,2c90e6aa8e484ab781d51f9906c7d7d9,13/11/2020,NOVEMBRO,SEXTA-FEIRA,18,1
46206216,256fbb9a30f74256ae6808e95a1b1501,07/07/2020,JULHO,TERCA-FEIRA,12,1
48608814,34f31ee918dc44a6bab130cc42b7e6e9,09/12/2020,DEZEMBRO,QUARTA-FEIRA,14,1
134864109,d6d15f0a48b04683bd06c60526e9f0c1,08/10/2020,OUTUBRO,QUINTA-FEIRA,08,1
46902020,b031e00ca6454509b2197223836db49d,28/08/2020,AGOSTO,SEXTA-FEIRA,17,1
133492843,3b00af72b9b144c586509ea6dfb72f5c,14/09/2020,SETEMBRO,SEGUNDA-FEIRA,15,1
138560595,0b323f0ac43e4d39b4f979cbab1e4690,19/11/2020,NOVEMBRO,QUINTA-FEIRA,13,1
44075444,fe92248729c44f448481c5780127e6d1,28/04/2020,ABRIL,TERCA-FEIRA,14,1
43384828,107c40186ad0458c974ea02e6681a665,16/04/2020,ABRIL,QUINTA-FEIRA,13,1
47704804,7fbebe963cd04dfc94873434fca40f36,12/10/2020,OUTUBRO,SEGUNDA-FEIRA,10,1
131289487,c01cf162fd6b4c008d0a3b53acd462c8,04/08/2020,AGOSTO,TERCA-FEIRA,18,0
47491772,d6d15f0a48b04683bd06c60526e9f0c1,26/09/2020,SETEMBRO,SABADO,08,1
117693145,bf4bff21864f48c6ae50a46e49992e93,10/02/2020,FEVEREIRO,SEGUNDA-FEIRA,13,0
48777036,224b304199ed4c35b74e09a367e4a38c,21/12/2020,DEZEMBRO,SEGUNDA-FEIRA,18,1
48188024,28569a7370d44b7fbe92134d90e9f330,13/11/2020,NOVEMBRO,SEXTA-FEIRA,15,1
138549115,ba81996efe8949828bfedececce07e9e,19/11/2020,NOVEMBRO,QUINTA-FEIRA,11,1
119336947,95b00d20994a4ca9ab776610edc52d78,05/03/2020,MARCO,QUINTA-FEIRA,10,1
123249823,226f632dd8754fc6b99594cc6b1fcb0a,14/04/2020,ABRIL,TERCA-FEIRA,09,0
48556736,01c79a286b474f73bdd42c65cbb9c74c,03/12/2020,DEZEMBRO,QUINTA-FEIRA,16,1
138225013,3435dafdbf794ba3be149ca97a07a160,13/11/2020,NOVEMBRO,SEXTA-FEIRA,16,0
130707947,9a02e3747f23406cb075c610bde7554e,25/07/2020,JULHO,SABADO,15,1
41854470,1ca382fb705349feac5a7004d95cc658,27/03/2020,MARCO,SEXTA-FEIRA,07,1
47962398,48b585eeaaa74f49b4999153be898901,29/10/2020,OUTUBRO,QUINTA-FEIRA,10,1
122073777,f4fb905811404fb3b5eb815420775df8,07/04/2020,ABRIL,TERCA-FEIRA,13,0
131821193,e6c40aafba4b49cb9fb51ae8b1035501,14/08/2020,AGOSTO,SEXTA-FEIRA,12,0
45640050,f39479e4022343e69d2c01baf434e16b,18/06/2020,JUNHO,QUINTA-FEIRA,23,1
137857477,90d171e6e40e49fab2c8de1c89fb1ad1,07/11/2020,NOVEMBRO,SABADO,09,1
43364954,4858668d70e64543bc5c183b6217753b,15/04/2020,ABRIL,QUARTA-FEIRA,17,1
125555903,78ceb86e84eb4f08825f5a057bf8f3c3,06/05/2020,MAIO,QUARTA-FEIRA,12,0
139867227,c4abac3d07954e3ba8e0bed46a093311,15/12/2020,DEZEMBRO,TERCA-FEIRA,09,1
127384575,d8d08d7850134a1da0ca527e337b44b7,02/06/2020,JUNHO,TERCA-FEIRA,10,1
133919749,0031e92d064a43c496d2e811441dafad,21/09/2020,SETEMBRO,SEGUNDA-FEIRA,11,1
130020951,15155fa725f048b3a4c6b3b10a7aa733,13/07/2020,JULHO,SEGUNDA-FEIRA,20,0
43486260,a3c8d94747994b3ba71aa4bf8693e9fa,21/04/2020,ABRIL,TERCA-FEIRA,15,1
47371886,fe92248729c44f448481c5780127e6d1,22/09/2020,SETEMBRO,TERCA-FEIRA,09,1
138880973,cd8b1e4377334ed198a37780f49fa2fe,25/11/2020,NOVEMBRO,QUARTA-FEIRA,15,0
133215893,f04b82907d58474dac86d748087fbd95,09/09/2020,SETEMBRO,QUARTA-FEIRA,11,1
117460567,cd8b1e4377334ed198a37780f49fa2fe,07/02/2020,FEVEREIRO,SEXTA-FEIRA,16,0
46321560,c4abac3d07954e3ba8e0bed46a093311,09/07/2020,JULHO,QUINTA-FEIRA,10,1
41304804,6bd2d4e88c374e2198e23674573dbecd,27/02/2020,FEVEREIRO,QUINTA-FEIRA,13,1
130967695,212b0363974e4b768655eb46e6183166,30/07/2020,JULHO,QUINTA-FEIRA,09,1
47926104,df0da1fd1fa54a40acb6648bbf3749a7,27/10/2020,OUTUBRO,TERCA-FEIRA,07,1
130338973,cd8b1e4377334ed198a37780f49fa2fe,19/07/2020,JULHO,DOMINGO,18,0
47522294,c4a2f69f8c2e40a29bca3d95ac3ba316,29/09/2020,SETEMBRO,TERCA-FEIRA,12,1
48458366,fa7e253f3ce347cea79b1ea04bd297b4,25/11/2020,NOVEMBRO,QUARTA-FEIRA,11,1
45458102,0688dba18bbc4e9ab8cbf2c92703659b,15/06/2020,JUNHO,SEGUNDA-FEIRA,10,1
47493934,7ec2efdd4fe74f55830bbadf68fc3bff,26/09/2020,SETEMBRO,SABADO,18,1
48071474,b031e00ca6454509b2197223836db49d,05/11/2020,NOVEMBRO,QUINTA-FEIRA,19,1
48147628,2dc95bdbfca44f30841fbaf8164ec946,11/11/2020,NOVEMBRO,QUARTA-FEIRA,13,1
48408878,3a78c487bea845b08dfbfe607c308367,20/11/2020,NOVEMBRO,SEXTA-FEIRA,15,1
46746116,572e26e41f8c4c38a882c7bf9c027ebf,18/08/2020,AGOSTO,TERCA-FEIRA,08,1
138339479,a79682378e474d7fa5a481fd20253b46,16/11/2020,NOVEMBRO,SEGUNDA-FEIRA,12,0
44638912,5752221717994b2dada61786c6e4a372,11/05/2020,MAIO,SEGUNDA-FEIRA,12,1
129691825,6c4e77603cc248569d5a10c2c5ef9a28,08/07/2020,JULHO,QUARTA-FEIRA,11,0
48606244,cb284f17b2394444a92357e0742fa42c,09/12/2020,DEZEMBRO,QUARTA-FEIRA,10,1
121724511,256fbb9a30f74256ae6808e95a1b1501,03/04/2020,ABRIL,SEXTA-FEIRA,11,0
139734409,b9d8ea8021654c30a01f5bd266ac8eb0,11/12/2020,DEZEMBRO,SEXTA-FEIRA,16,1
138543199,49699183fea34998bebab46ffcc23eae,19/11/2020,NOVEMBRO,QUINTA-FEIRA,10,1
130175409,78ceb86e84eb4f08825f5a057bf8f3c3,16/07/2020,JULHO,QUINTA-FEIRA,09,1
124735739,0688dba18bbc4e9ab8cbf2c92703659b,28/04/2020,ABRIL,TERCA-FEIRA,12,1
116291017,026a5ff6d8294209bdaa77ae7635ae8b,28/01/2020,JANEIRO,TERCA-FEIRA,14,1
46599994,646644bb258e4d2384684ae5ffeee7f0,03/08/2020,AGOSTO,SEGUNDA-FEIRA,22,1
48054604,665bdef8b2c745189d81a77d3eacbf8a,04/11/2020,NOVEMBRO,QUARTA-FEIRA,22,1
132541487,4694534a1101482b927c45d08d44e4b0,28/08/2020,AGOSTO,SEXTA-FEIRA,10,1
140539403,274d786f6a8948ea8a740d8bab2c7d69,29/12/2020,DEZEMBRO,TERCA-FEIRA,14,1
138915687,67eb8d7841c043cfbc0895ea36b9fa17,26/11/2020,NOVEMBRO,QUINTA-FEIRA,11,0
135093989,15155fa725f048b3a4c6b3b10a7aa733,12/10/2020,OUTUBRO,SEGUNDA-FEIRA,17,1
133303001,78ceb86e84eb4f08825f5a057bf8f3c3,10/09/2020,SETEMBRO,QUINTA-FEIRA,13,1
45311976,71815fb3e8cf4cb5ae1348afdf9151f0,08/06/2020,JUNHO,SEGUNDA-FEIRA,18,1
128733729,cb56f1d702c742b6b41ed2f2c28183e0,24/06/2020,JUNHO,QUARTA-FEIRA,22,1
121428573,49699183fea34998bebab46ffcc23eae,01/04/2020,ABRIL,QUARTA-FEIRA,11,0
123794741,50e3db816fc94dfbb7d53ab0bf431dee,20/04/2020,ABRIL,SEGUNDA-FEIRA,14,1
48815466,0721c3a573b8414d9b0518b7660d7de2,26/12/2020,DEZEMBRO,SABADO,22,1
118601007,15155fa725f048b3a4c6b3b10a7aa733,23/02/2020,FEVEREIRO,DOMINGO,14,1
138403805,41ee1f1959324992b9792c09ebbe5194,17/11/2020,NOVEMBRO,TERCA-FEIRA,11,1
138192557,3ce7e7e0adcd40d3a869259d87e19637,13/11/2020,NOVEMBRO,SEXTA-FEIRA,10,0
127572715,415319be161e444f8e671cc06e57e40a,04/06/2020,JUNHO,QUINTA-FEIRA,14,0
122329717,593dd4c5c4184e7ebc96fbad051d6bc6,08/04/2020,ABRIL,QUARTA-FEIRA,18,1
127777251,c451eee1eba24c5ea4d9b3c4f79cff9a,08/06/2020,JUNHO,SEGUNDA-FEIRA,16,0
139700083,90f974e257e049fba64be79d25b2bb41,11/12/2020,DEZEMBRO,SEXTA-FEIRA,11,1
117233821,2376dda8ce3e443298abb841278b16b5,06/02/2020,FEVEREIRO,QUINTA-FEIRA,10,1
138714233,f144787cc89a4fab9bececcedf5d5595,23/11/2020,NOVEMBRO,SEGUNDA-FEIRA,09,1
128038481,ba4ad54d08b74d259e3b314be8c92d6a,15/06/2020,JUNHO,SEGUNDA-FEIRA,10,1
46830292,497b3d10c5c641bfafb3b235835df889,24/08/2020,AGOSTO,SEGUNDA-FEIRA,22,1
133506625,38d33a3ce7c040349753cad4973fd7db,14/09/2020,SETEMBRO,SEGUNDA-FEIRA,17,0
139117625,84156c715f204ecf95f37feae2c0a4c2,30/11/2020,NOVEMBRO,SEGUNDA-FEIRA,13,1
47881728,abbafced7cde4634ade4de593e527f3e,23/10/2020,OUTUBRO,SEXTA-FEIRA,12,1
140474659,3105dcda66b1459081309d62267b8ae5,28/12/2020,DEZEMBRO,SEGUNDA-FEIRA,16,0
138348521,fd381cb0e85a48ebb40ad831563a6737,16/11/2020,NOVEMBRO,SEGUNDA-FEIRA,13,1
131406109,dd63273b339f4d22aecadacfdce6348e,06/08/2020,AGOSTO,QUINTA-FEIRA,13,0
139647159,67eb8d7841c043cfbc0895ea36b9fa17,10/12/2020,DEZEMBRO,QUINTA-FEIRA,14,0
140604151,c67e143369ac422697907254d4377c10,30/12/2020,DEZEMBRO,QUARTA-FEIRA,13,0
48824188,efcc2ac43a62453b8e18b07d20c14052,28/12/2020,DEZEMBRO,SEGUNDA-FEIRA,11,1
139162767,d6d15f0a48b04683bd06c60526e9f0c1,01/12/2020,DEZEMBRO,TERCA-FEIRA,10,1
138748269,f144787cc89a4fab9bececcedf5d5595,23/11/2020,NOVEMBRO,SEGUNDA-FEIRA,14,1
126070959,212b0363974e4b768655eb46e6183166,13/05/2020,MAIO,QUARTA-FEIRA,13,1
139796867,89a7987d4bb74081943dcf220d2292eb,14/12/2020,DEZEMBRO,SEGUNDA-FEIRA,09,1
139235179,629a8d7bdeb74f25a3a0ba842406b29b,02/12/2020,DEZEMBRO,QUARTA-FEIRA,14,0
133749963,78ceb86e84eb4f08825f5a057bf8f3c3,18/09/2020,SETEMBRO,SEXTA-FEIRA,14,0
139214365,5a3095de6e06428186a4160cf710901d,02/12/2020,DEZEMBRO,QUARTA-FEIRA,11,0
119673743,342f6adede604e2d87d640288455a86c,11/03/2020,MARCO,QUARTA-FEIRA,11,0
120316733,1645ee6b29c747ea973f891fecc560d4,20/03/2020,MARCO,SEXTA-FEIRA,21,1
43508310,799e277429ef4581bc4ffbdfda587835,22/04/2020,ABRIL,QUARTA-FEIRA,15,1
140451583,259835bc193c46e9925fee22cbb7038a,28/12/2020,DEZEMBRO,SEGUNDA-FEIRA,14,0
140206427,9aa5025024934cf3abd809c6f812d48d,21/12/2020,DEZEMBRO,SEGUNDA-FEIRA,15,1
138349611,c1dd4897029f4d689d8bf29190c87169,16/11/2020,NOVEMBRO,SEGUNDA-FEIRA,13,1
139624595,de077c13fd83467ab2ddb1267a9f99ef,10/12/2020,DEZEMBRO,QUINTA-FEIRA,10,1
136882793,87adca903e4143edb420f433427bd636,21/10/2020,OUTUBRO,QUARTA-FEIRA,14,1
47283784,3d614904cd1541d79e80b00f525e80b3,16/09/2020,SETEMBRO,QUARTA-FEIRA,13,1
44703584,4fc83310c9cc44ef8e2bbdf850ff5187,13/05/2020,MAIO,QUARTA-FEIRA,16,1
130327519,939231f725a1408c9afec87aa7419f6f,19/07/2020,JULHO,DOMINGO,07,1
133404225,8d25cdfaf2bf4141b0eb92cfc193ba18,12/09/2020,SETEMBRO,SABADO,09,0
48173730,fa7e253f3ce347cea79b1ea04bd297b4,12/11/2020,NOVEMBRO,QUINTA-FEIRA,14,1
133449695,77b4a8ffa94e45febd94b789d192ea77,14/09/2020,SETEMBRO,SEGUNDA-FEIRA,08,0
137679683,9b463849eb7443f0b40b71382673a34c,04/11/2020,NOVEMBRO,QUARTA-FEIRA,13,1
41497524,d498da926d36460a9ff22c6ffc51d15e,10/03/2020,MARCO,TERCA-FEIRA,21,1
48739842,41ee1f1959324992b9792c09ebbe5194,17/12/2020,DEZEMBRO,QUINTA-FEIRA,21,1
45955268,1ca382fb705349feac5a7004d95cc658,26/06/2020,JUNHO,SEXTA-FEIRA,15,1
118075335,6a60d5ced7e44b06bbca02d0abc4e764,14/02/2020,FEVEREIRO,SEXTA-FEIRA,14,0
138820985,120b1f45d39c45e8b2b48676d027d2cf,24/11/2020,NOVEMBRO,TERCA-FEIRA,16,0
130015941,a34292e443474c678501176be35bcac7,13/07/2020,JULHO,SEGUNDA-FEIRA,17,0
43402696,7d72d804e05f47de8b03356bb6da8380,17/04/2020,ABRIL,SEXTA-FEIRA,11,1
44790570,fc203b49141948f6978ee2ce9b20b60f,17/05/2020,MAIO,DOMINGO,18,1
47929478,4fc83310c9cc44ef8e2bbdf850ff5187,27/10/2020,OUTUBRO,TERCA-FEIRA,11,1
138194281,ea112308d00446cd811c8ec5302d06fc,13/11/2020,NOVEMBRO,SEXTA-FEIRA,11,1
46553708,abbafced7cde4634ade4de593e527f3e,29/07/2020,JULHO,QUARTA-FEIRA,19,1
46551740,2635f802d278433e88d882ef9607992c,29/07/2020,JULHO,QUARTA-FEIRA,22,1
45459190,ba4ad54d08b74d259e3b314be8c92d6a,14/06/2020,JUNHO,DOMINGO,23,1
120174687,f3d5ceb1e8bf4088bd24d1c37a2bc257,19/03/2020,MARCO,QUINTA-FEIRA,14,0
140466209,212b0363974e4b768655eb46e6183166,28/12/2020,DEZEMBRO,SEGUNDA-FEIRA,15,1
138802875,678eb85adcf34764b6fb302ecaa9b073,24/11/2020,NOVEMBRO,TERCA-FEIRA,13,1
137703539,070c23788c204562939d94acd76a0f59,04/11/2020,NOVEMBRO,QUARTA-FEIRA,15,1
41274370,d81ddf53119b43649329e08a4b4f93bc,26/02/2020,FEVEREIRO,QUARTA-FEIRA,09,1
117989879,73eaf2f4bab2436e9466d07571c68764,13/02/2020,FEVEREIRO,QUINTA-FEIRA,13,0
120376011,67b407d35549464492c3ab215d946c3d,22/03/2020,MARCO,DOMINGO,20,0
134066457,25bf7557861f40f69d801b12a58ee28c,23/09/2020,SETEMBRO,QUARTA-FEIRA,15,0
129422341,42d1cb59ef354394bb17795f82679f15,03/07/2020,JULHO,SEXTA-FEIRA,13,0
44921460,baf66d4adaf6409fa4f4fdcb289688aa,21/05/2020,MAIO,QUINTA-FEIRA,16,1
129888553,41ee1f1959324992b9792c09ebbe5194,10/07/2020,JULHO,SEXTA-FEIRA,12,1
137774299,b89f70bf4e67426688692b6855c22742,05/11/2020,NOVEMBRO,QUINTA-FEIRA,17,0
120612445,fbb3239246734a198492e61048bac1f5,24/03/2020,MARCO,TERCA-FEIRA,16,0
41500450,2e68a6f3d7f142188c55abcd6af298c1,10/03/2020,MARCO,TERCA-FEIRA,21,1
139728781,fcd9fe7b1534450793296fb15e96161b,11/12/2020,DEZEMBRO,SEXTA-FEIRA,15,0
138520765,15155fa725f048b3a4c6b3b10a7aa733,18/11/2020,NOVEMBRO,QUARTA-FEIRA,18,1
47282010,3cb62558262745918722a58ff3bee0d6,16/09/2020,SETEMBRO,QUARTA-FEIRA,11,1
118874311,c01cf162fd6b4c008d0a3b53acd462c8,27/02/2020,FEVEREIRO,QUINTA-FEIRA,15,0
139934273,ca761e31c69b49e8a302a5db04ab9e1a,16/12/2020,DEZEMBRO,QUARTA-FEIRA,09,0
138103205,3435dafdbf794ba3be149ca97a07a160,11/11/2020,NOVEMBRO,QUARTA-FEIRA,18,0
133948457,b75365c1ed964c6f9cd5dc65ff435bfb,21/09/2020,SETEMBRO,SEGUNDA-FEIRA,16,0
138135527,b568bb096e4e41358931d0d33da25e08,12/11/2020,NOVEMBRO,QUINTA-FEIRA,12,1
140435151,044b76f5b5594ab1ac5c51bee7f4fba0,28/12/2020,DEZEMBRO,SEGUNDA-FEIRA,11,1
140327815,8ff636bbba5d4cd8993ab2cc64e1a625,23/12/2020,DEZEMBRO,QUARTA-FEIRA,15,1
44804070,bd456e061abc46069d1716a8ab5b5dbb,18/05/2020,MAIO,SEGUNDA-FEIRA,16,1
48137598,6bd2d4e88c374e2198e23674573dbecd,10/11/2020,NOVEMBRO,TERCA-FEIRA,16,1
125483541,7af144d5f2e64a598707726ebf853529,05/05/2020,MAIO,TERCA-FEIRA,14,1
47795198,bc89f3433917445694cf64b29d8d90d6,18/10/2020,OUTUBRO,DOMINGO,11,1
123638511,a33736a206a04f0a945549b14909f118,17/04/2020,ABRIL,SEXTA-FEIRA,11,1
48743000,efcc2ac43a62453b8e18b07d20c14052,18/12/2020,DEZEMBRO,SEXTA-FEIRA,10,1
137821087,5855a4da1dfd45febb31ea88ba1f74b3,06/11/2020,NOVEMBRO,SEXTA-FEIRA,14,0
130335201,67eb8d7841c043cfbc0895ea36b9fa17,19/07/2020,JULHO,DOMINGO,15,0
134238685,26707cdbc7834971bbd7489cfad78632,26/09/2020,SETEMBRO,SABADO,18,1
127994309,d614da6603bd4222bd28378fdbd3abf6,13/06/2020,JUNHO,SABADO,17,1
116456595,bf4bff21864f48c6ae50a46e49992e93,30/01/2020,JANEIRO,QUINTA-FEIRA,10,0
48436626,812535cc13334a4dba1f92655cd752f4,23/11/2020,NOVEMBRO,SEGUNDA-FEIRA,17,1
125303871,107c40186ad0458c974ea02e6681a665,04/05/2020,MAIO,SEGUNDA-FEIRA,08,1
127317685,879f3cc7257748809e6782ed73176e17,01/06/2020,JUNHO,SEGUNDA-FEIRA,13,0
138330953,77bfe1db161c4ae0925e9f2d815bab38,16/11/2020,NOVEMBRO,SEGUNDA-FEIRA,11,1
120288937,270043c950d640df8904ddd376a8c3de,20/03/2020,MARCO,SEXTA-FEIRA,15,0
131936251,76e7529747ad4f03b60e2c1fb1ff6f59,17/08/2020,AGOSTO,SEGUNDA-FEIRA,16,0
140329205,72e08d08e7534edd8f791f339341df2a,23/12/2020,DEZEMBRO,QUARTA-FEIRA,15,1
134486235,d6d15f0a48b04683bd06c60526e9f0c1,01/10/2020,OUTUBRO,QUINTA-FEIRA,08,0
134368131,d6d15f0a48b04683bd06c60526e9f0c1,29/09/2020,SETEMBRO,TERCA-FEIRA,14,1
129144951,67eb8d7841c043cfbc0895ea36b9fa17,30/06/2020,JUNHO,TERCA-FEIRA,07,0
44706822,fe92248729c44f448481c5780127e6d1,13/05/2020,MAIO,QUARTA-FEIRA,18,1
48839462,b433f4695ba54e638aee6503c5117109,29/12/2020,DEZEMBRO,TERCA-FEIRA,10,1
121283421,78ceb86e84eb4f08825f5a057bf8f3c3,31/03/2020,MARCO,TERCA-FEIRA,12,0
48007412,8315c700f7124e2a834fa78fbc8f3d6c,02/11/2020,NOVEMBRO,SEGUNDA-FEIRA,12,1
137384111,76e7529747ad4f03b60e2c1fb1ff6f59,30/10/2020,OUTUBRO,SEXTA-FEIRA,06,0
46664226,5b8c5b90778e47b18b2456e9869f887f,10/08/2020,AGOSTO,SEGUNDA-FEIRA,16,1
127159593,5b367308e98048428169ac8b94edebeb,28/05/2020,MAIO,QUINTA-FEIRA,18,0
129962971,270a3d5a6141454b9326e73e207cb870,13/07/2020,JULHO,SEGUNDA-FEIRA,10,1
48773356,a3c8d94747994b3ba71aa4bf8693e9fa,21/12/2020,DEZEMBRO,SEGUNDA-FEIRA,15,1
137997063,1e4436bfe7cf4d57852cf604564a9cc3,10/11/2020,NOVEMBRO,TERCA-FEIRA,11,0
127169315,76e7529747ad4f03b60e2c1fb1ff6f59,29/05/2020,MAIO,SEXTA-FEIRA,08,0
134277625,67eb8d7841c043cfbc0895ea36b9fa17,28/09/2020,SETEMBRO,SEGUNDA-FEIRA,11,0
129442191,5dc41925bc48492baae549f174c2dd9b,03/07/2020,JULHO,SEXTA-FEIRA,15,0
46420906,776871c9b81b4998aa63a04b0311977a,15/07/2020,JULHO,QUARTA-FEIRA,20,1
134745777,78ceb86e84eb4f08825f5a057bf8f3c3,06/10/2020,OUTUBRO,TERCA-FEIRA,13,0
48065594,0d660031c7844eec97bc8c99c071c50e,05/11/2020,NOVEMBRO,QUINTA-FEIRA,15,1
139976777,5f870e45486641218f46d50b03bc37c9,16/12/2020,DEZEMBRO,QUARTA-FEIRA,16,0
41730474,efdbd5af90434276b90480399db5c8a9,23/03/2020,MARCO,SEGUNDA-FEIRA,13,1
44498440,b0665056a0884f1b888dddd75974544d,05/05/2020,MAIO,TERCA-FEIRA,12,1
41845558,e6f9e6378d0646feb5db04eb12623aba,26/03/2020,MARCO,QUINTA-FEIRA,19,1
130982513,d6d15f0a48b04683bd06c60526e9f0c1,30/07/2020,JULHO,QUINTA-FEIRA,12,1
47820898,12e3286f48c843eea465347244274317,20/10/2020,OUTUBRO,TERCA-FEIRA,10,1
48544094,2f3aa6f07bc74c2886139fea52c6b3d3,02/12/2020,DEZEMBRO,QUARTA-FEIRA,16,1
129606277,d6d15f0a48b04683bd06c60526e9f0c1,07/07/2020,JULHO,TERCA-FEIRA,09,1
122178729,342f6adede604e2d87d640288455a86c,08/04/2020,ABRIL,QUARTA-FEIRA,09,0
46845810,852c6ea0ecaa431baf7584c5eab24bfd,25/08/2020,AGOSTO,TERCA-FEIRA,17,1
124855285,d6d15f0a48b04683bd06c60526e9f0c1,29/04/2020,ABRIL,QUARTA-FEIRA,16,0
133482751,9f9adfcb0d5541de96cec459c3a4735c,14/09/2020,SETEMBRO,SEGUNDA-FEIRA,13,1
130150991,f62d4c259e9e4cff887b4a851f4c1c58,15/07/2020,JULHO,QUARTA-FEIRA,17,1
137723083,46a92f94b83242289667046f452e44d3,04/11/2020,NOVEMBRO,QUARTA-FEIRA,20,1
126805491,78ceb86e84eb4f08825f5a057bf8f3c3,22/05/2020,MAIO,SEXTA-FEIRA,18,1
45833638,107c40186ad0458c974ea02e6681a665,24/06/2020,JUNHO,QUARTA-FEIRA,09,1
118541261,86bc0a74ac0847a9b66a15227a9a4a66,21/02/2020,FEVEREIRO,SEXTA-FEIRA,14,0
129136103,76e7529747ad4f03b60e2c1fb1ff6f59,30/06/2020,JUNHO,TERCA-FEIRA,05,0
140314767,40e5b2659b11477a86ae54d2edbbb1c8,23/12/2020,DEZEMBRO,QUARTA-FEIRA,13,0
134745789,d02b3f88a772486385642416b78714cc,06/10/2020,OUTUBRO,TERCA-FEIRA,13,0
46511674,cb949bcaa5f34e4fbba989caae0ab3ca,24/07/2020,JULHO,SEXTA-FEIRA,00,1
41587740,00b65a70bcf94365bd3b5629cc084327,14/03/2020,MARCO,SABADO,17,1
47941664,852c6ea0ecaa431baf7584c5eab24bfd,27/10/2020,OUTUBRO,TERCA-FEIRA,23,1
129529077,76e7529747ad4f03b60e2c1fb1ff6f59,06/07/2020,JULHO,SEGUNDA-FEIRA,10,0
137388099,6df82c91d297469a834a0b4cff107e6f,30/10/2020,OUTUBRO,SEXTA-FEIRA,09,1
41570822,d3ed306efb4e4bd583eca8fc686c7b63,13/03/2020,MARCO,SEXTA-FEIRA,14,1
118375553,8f095357973f4033b46308c9213f9981,19/02/2020,FEVEREIRO,QUARTA-FEIRA,16,0
134663457,55a1d16768cb4782af2e0095c5420528,04/10/2020,OUTUBRO,DOMINGO,11,0
125647797,f3abb56d31e4442b8e12eabad9b79a89,07/05/2020,MAIO,QUINTA-FEIRA,13,1
121081529,11cf9cc7299a43798e1e88c360295ad3,30/03/2020,MARCO,SEGUNDA-FEIRA,09,0
42107330,b0665056a0884f1b888dddd75974544d,06/04/2020,ABRIL,SEGUNDA-FEIRA,16,1
46369188,d6d15f0a48b04683bd06c60526e9f0c1,13/07/2020,JULHO,SEGUNDA-FEIRA,06,1
133711945,4fb492d825ec43c29a7000ff56b5aee7,18/09/2020,SETEMBRO,SEXTA-FEIRA,09,1
48532094,49699183fea34998bebab46ffcc23eae,02/12/2020,DEZEMBRO,QUARTA-FEIRA,10,1
46856188,e4613043efdd4a36b3b8f6c125ddf393,26/08/2020,AGOSTO,QUARTA-FEIRA,15,1
46621052,de077c13fd83467ab2ddb1267a9f99ef,05/08/2020,AGOSTO,QUARTA-FEIRA,15,1
129879925,c67e143369ac422697907254d4377c10,10/07/2020,JULHO,SEXTA-FEIRA,12,1
140061885,ba3bdcfcf8f0496db4c6182552d52f3e,18/12/2020,DEZEMBRO,SEXTA-FEIRA,09,1
48781512,776871c9b81b4998aa63a04b0311977a,22/12/2020,DEZEMBRO,TERCA-FEIRA,09,1
138206919,17d932e6fbb1454b92c48bad8b148806,13/11/2020,NOVEMBRO,SEXTA-FEIRA,13,1
48594078,7443a9ce923f4ad894106deb9a856065,07/12/2020,DEZEMBRO,SEGUNDA-FEIRA,16,1
139114841,64b2cf522c634d87ab3f317acb44caf1,30/11/2020,NOVEMBRO,SEGUNDA-FEIRA,12,1
117773809,67eb8d7841c043cfbc0895ea36b9fa17,11/02/2020,FEVEREIRO,TERCA-FEIRA,07,0
138621497,49699183fea34998bebab46ffcc23eae,20/11/2020,NOVEMBRO,SEXTA-FEIRA,11,0
136729467,cd8b1e4377334ed198a37780f49fa2fe,19/10/2020,OUTUBRO,SEGUNDA-FEIRA,14,1
139004257,0bbd6cca66e949779a709ec0bb186c67,27/11/2020,NOVEMBRO,SEXTA-FEIRA,14,0
129644743,d02b3f88a772486385642416b78714cc,07/07/2020,JULHO,TERCA-FEIRA,15,1
133969867,cd882ee169574da19346654480c43ea3,22/09/2020,SETEMBRO,TERCA-FEIRA,08,1
44460632,fa7e253f3ce347cea79b1ea04bd297b4,04/05/2020,MAIO,SEGUNDA-FEIRA,11,1
140453569,1eb40053b1c342aab6e052c74aa98748,28/12/2020,DEZEMBRO,SEGUNDA-FEIRA,14,1
134397873,76e7529747ad4f03b60e2c1fb1ff6f59,30/09/2020,SETEMBRO,QUARTA-FEIRA,04,0
119674983,5ef6ca961e354e52898331effdb98fc6,11/03/2020,MARCO,QUARTA-FEIRA,12,1
121797359,3cd32d3443e8406e841f18701e6b1336,03/04/2020,ABRIL,SEXTA-FEIRA,17,0
140682541,4fb492d825ec43c29a7000ff56b5aee7,31/12/2020,DEZEMBRO,QUINTA-FEIRA,14,1
139696481,90d171e6e40e49fab2c8de1c89fb1ad1,11/12/2020,DEZEMBRO,SEXTA-FEIRA,11,0
134410081,66785aa3d3134e7588c109eded1645dd,30/09/2020,SETEMBRO,QUARTA-FEIRA,09,0
46207374,256fbb9a30f74256ae6808e95a1b1501,07/07/2020,JULHO,TERCA-FEIRA,12,1
129306771,c4e39de3479642398364851216b113d5,01/07/2020,JULHO,QUARTA-FEIRA,20,1
48710520,646644bb258e4d2384684ae5ffeee7f0,16/12/2020,DEZEMBRO,QUARTA-FEIRA,12,1
133161333,7443a9ce923f4ad894106deb9a856065,08/09/2020,SETEMBRO,TERCA-FEIRA,15,1
120495781,730c63080e0e4473a8807c5d1363165b,23/03/2020,MARCO,SEGUNDA-FEIRA,16,0
116264787,a3e45e7f3f514903b5cc3d790bdab7dd,28/01/2020,JANEIRO,TERCA-FEIRA,11,1
121663297,070b9c0cc22d45e8aaf0790d05049999,02/04/2020,ABRIL,QUINTA-FEIRA,18,0
48025928,5eddf41a94144076841e8e7917d290e3,03/11/2020,NOVEMBRO,TERCA-FEIRA,09,1
139814809,9febe9e0b61545898d8cc0009c541653,14/12/2020,DEZEMBRO,SEGUNDA-FEIRA,11,1
134794371,d901171c667d469b8c675c8fe4b56f08,07/10/2020,OUTUBRO,QUARTA-FEIRA,09,0
140613001,11b63b235b93464fafeef3dac8a7cdad,30/12/2020,DEZEMBRO,QUARTA-FEIRA,15,0
132517599,226f632dd8754fc6b99594cc6b1fcb0a,27/08/2020,AGOSTO,QUINTA-FEIRA,19,1
41395792,f62d4c259e9e4cff887b4a851f4c1c58,03/03/2020,MARCO,TERCA-FEIRA,15,1
140274777,770c078e882449b69674a57557d0dad9,22/12/2020,DEZEMBRO,TERCA-FEIRA,17,0
47956134,6acd263725574db98607762c5f800562,28/10/2020,OUTUBRO,QUARTA-FEIRA,17,1
48769794,224b304199ed4c35b74e09a367e4a38c,21/12/2020,DEZEMBRO,SEGUNDA-FEIRA,12,1
47926092,efdbd5af90434276b90480399db5c8a9,27/10/2020,OUTUBRO,TERCA-FEIRA,07,1
137320903,478f1d1946054e38a66fb3da38ef755e,29/10/2020,OUTUBRO,QUINTA-FEIRA,10,1
140619645,4bfcd6b86bc04cf7bbaa1b8a81670787,30/12/2020,DEZEMBRO,QUARTA-FEIRA,15,1
132720625,30bf9710234b48c795dbb42469c05fa9,01/09/2020,SETEMBRO,TERCA-FEIRA,08,0
46151896,368f7ce9d9d54162aa18d74433cdfad8,03/07/2020,JULHO,SEXTA-FEIRA,13,1
48088426,a8325b2a457148af8c5e3d9f6664b783,06/11/2020,NOVEMBRO,SEXTA-FEIRA,20,1
48051902,3ce7e7e0adcd40d3a869259d87e19637,04/11/2020,NOVEMBRO,QUARTA-FEIRA,18,1
131591315,1fa4c912814b409b8bb34acd847c390f,10/08/2020,AGOSTO,SEGUNDA-FEIRA,17,1
133604683,3d614904cd1541d79e80b00f525e80b3,16/09/2020,SETEMBRO,QUARTA-FEIRA,11,1
133995857,0031e92d064a43c496d2e811441dafad,22/09/2020,SETEMBRO,TERCA-FEIRA,13,1
138478399,c0ab959ef3e54acea54c519c00b95d6f,18/11/2020,NOVEMBRO,QUARTA-FEIRA,12,1
138785867,595f293a11a848cfbc6eaf0474b5e7d2,24/11/2020,NOVEMBRO,TERCA-FEIRA,10,1
130537547,dbd00b85cde24d539ab72cd7ed2b45fc,22/07/2020,JULHO,QUARTA-FEIRA,13,1
137682035,044b66daadb84aaf837dc5f3799571a4,04/11/2020,NOVEMBRO,QUARTA-FEIRA,12,0
47135264,49699183fea34998bebab46ffcc23eae,08/09/2020,SETEMBRO,TERCA-FEIRA,06,1
140450293,84eebe3b193842729006d6670b51e5f4,28/12/2020,DEZEMBRO,SEGUNDA-FEIRA,13,0
138656019,50032aad4013433fb4406440a59efc98,20/11/2020,NOVEMBRO,SEXTA-FEIRA,17,1
129769789,cd8b1e4377334ed198a37780f49fa2fe,08/07/2020,JULHO,QUARTA-FEIRA,21,0
139819337,8f0cc5993b464fdca4aded12b34e4768,14/12/2020,DEZEMBRO,SEGUNDA-FEIRA,13,1
47322092,42d1cb59ef354394bb17795f82679f15,18/09/2020,SETEMBRO,SEXTA-FEIRA,12,1
47865866,12e3286f48c843eea465347244274317,22/10/2020,OUTUBRO,QUINTA-FEIRA,11,1
133969217,8eeacd1cf2c74f18b15c2c0b819f33eb,22/09/2020,SETEMBRO,TERCA-FEIRA,09,0
125513651,3d614904cd1541d79e80b00f525e80b3,05/05/2020,MAIO,TERCA-FEIRA,22,1
139143909,a104d345dcf2441995c644a3cb4375dc,30/11/2020,NOVEMBRO,SEGUNDA-FEIRA,17,1
136608307,4694534a1101482b927c45d08d44e4b0,16/10/2020,OUTUBRO,SEXTA-FEIRA,11,1
136928373,c162de451248401b94dc17e4d5bdc0df,22/10/2020,OUTUBRO,QUINTA-FEIRA,09,1
48097324,d191d59c0d2048c3a2a9c667afd08344,08/11/2020,NOVEMBRO,DOMINGO,10,1
138389257,8f095357973f4033b46308c9213f9981,17/11/2020,NOVEMBRO,TERCA-FEIRA,09,1
129005171,107c40186ad0458c974ea02e6681a665,29/06/2020,JUNHO,SEGUNDA-FEIRA,10,1
45251828,81e29e7d12ef45288419b8a3b25cb337,04/06/2020,JUNHO,QUINTA-FEIRA,19,1
134284695,d6d15f0a48b04683bd06c60526e9f0c1,28/09/2020,SETEMBRO,SEGUNDA-FEIRA,12,0
121811025,38841307eb5f4102b0ac6902e0d35fda,03/04/2020,ABRIL,SEXTA-FEIRA,19,0
137958071,e29dad34c6254fc3a2639ff50e9db456,09/11/2020,NOVEMBRO,SEGUNDA-FEIRA,15,1
130186697,cd8b1e4377334ed198a37780f49fa2fe,16/07/2020,JULHO,QUINTA-FEIRA,11,0
138097095,e2bb3e1b28f94756ae729148a39f5fe7,11/11/2020,NOVEMBRO,QUARTA-FEIRA,16,1
130040631,4fb492d825ec43c29a7000ff56b5aee7,14/07/2020,JULHO,TERCA-FEIRA,10,1
128635991,9a02e3747f23406cb075c610bde7554e,23/06/2020,JUNHO,TERCA-FEIRA,22,0
140638119,0f5a23e366434e6381873d02f61d6da9,30/12/2020,DEZEMBRO,QUARTA-FEIRA,19,1
122408269,6c4e77603cc248569d5a10c2c5ef9a28,09/04/2020,ABRIL,QUINTA-FEIRA,13,0
139947357,06227ad00fdd41b9826803e378f1d0d1,16/12/2020,DEZEMBRO,QUARTA-FEIRA,12,0
43384736,24ea23283533434bb6055b1e9117dde4,16/04/2020,ABRIL,QUINTA-FEIRA,13,1
47978784,776b3cb9d8144952bd4f4d20321b3745,30/10/2020,OUTUBRO,SEXTA-FEIRA,11,1
138091675,1e4436bfe7cf4d57852cf604564a9cc3,11/11/2020,NOVEMBRO,QUARTA-FEIRA,16,0
138915763,c1dd4897029f4d689d8bf29190c87169,26/11/2020,NOVEMBRO,QUINTA-FEIRA,10,1
120167077,d8d08d7850134a1da0ca527e337b44b7,19/03/2020,MARCO,QUINTA-FEIRA,13,0
140012027,5dc4626baf9a467f95d9579c98d63524,17/12/2020,DEZEMBRO,QUINTA-FEIRA,12,1
140572973,4a9de21b35a04c0f9c736afa32ce859a,30/12/2020,DEZEMBRO,QUARTA-FEIRA,09,1
138914637,c1dd4897029f4d689d8bf29190c87169,26/11/2020,NOVEMBRO,QUINTA-FEIRA,11,1
120848441,d8d08d7850134a1da0ca527e337b44b7,26/03/2020,MARCO,QUINTA-FEIRA,16,0
140335577,c4a2f69f8c2e40a29bca3d95ac3ba316,23/12/2020,DEZEMBRO,QUARTA-FEIRA,18,1
125826759,cd8b1e4377334ed198a37780f49fa2fe,10/05/2020,MAIO,DOMINGO,21,0
138808503,2dbc52a3f4d74ff7a14731b539674a1d,24/11/2020,NOVEMBRO,TERCA-FEIRA,14,1
138162219,6de2b616ee124331b828d516ee54164d,12/11/2020,NOVEMBRO,QUINTA-FEIRA,15,1
120078815,4d87c231784044ec8cfa3289d72664cc,18/03/2020,MARCO,QUARTA-FEIRA,13,0
131019771,67eb8d7841c043cfbc0895ea36b9fa17,30/07/2020,JULHO,QUINTA-FEIRA,17,0
139453683,38841307eb5f4102b0ac6902e0d35fda,07/12/2020,DEZEMBRO,SEGUNDA-FEIRA,09,1
126155799,6657241c0c5b4c48a049e86c34855bfc,14/05/2020,MAIO,QUINTA-FEIRA,17,0
139321569,224b304199ed4c35b74e09a367e4a38c,03/12/2020,DEZEMBRO,QUINTA-FEIRA,15,1
140255497,ff4fd642886f46469fc7b6c8ab745239,22/12/2020,DEZEMBRO,TERCA-FEIRA,13,1
47169486,49699183fea34998bebab46ffcc23eae,09/09/2020,SETEMBRO,QUARTA-FEIRA,17,1
133303831,8f095357973f4033b46308c9213f9981,10/09/2020,SETEMBRO,QUINTA-FEIRA,13,1
132577769,97318e89db594647a86f6404daa7f67f,28/08/2020,AGOSTO,SEXTA-FEIRA,15,1
119659291,28569a7370d44b7fbe92134d90e9f330,11/03/2020,MARCO,QUARTA-FEIRA,09,1
48835726,fa0da7b97f66418dadb36e9996561c45,28/12/2020,DEZEMBRO,SEGUNDA-FEIRA,21,1
132397629,191148ff29c64629b1edf90bfb721256,26/08/2020,AGOSTO,QUARTA-FEIRA,09,1
123371747,d498da926d36460a9ff22c6ffc51d15e,14/04/2020,ABRIL,TERCA-FEIRA,15,1
126906757,39e44c0942824f99bfa6de1108598f79,25/05/2020,MAIO,SEGUNDA-FEIRA,15,0
126392985,4858668d70e64543bc5c183b6217753b,18/05/2020,MAIO,SEGUNDA-FEIRA,14,1
119179583,f04b82907d58474dac86d748087fbd95,03/03/2020,MARCO,TERCA-FEIRA,11,1
48716736,ad02d20c1cf640b0b37e8c748bb338c1,16/12/2020,DEZEMBRO,QUARTA-FEIRA,17,1
137799171,224b304199ed4c35b74e09a367e4a38c,06/11/2020,NOVEMBRO,SEXTA-FEIRA,10,1
131225053,bf4bff21864f48c6ae50a46e49992e93,03/08/2020,AGOSTO,SEGUNDA-FEIRA,19,1
139983993,7d72d804e05f47de8b03356bb6da8380,16/12/2020,DEZEMBRO,QUARTA-FEIRA,17,1
137718741,23723b5ae2b04710a45930c4fcb6458b,04/11/2020,NOVEMBRO,QUARTA-FEIRA,17,0
138893581,b9d8ea8021654c30a01f5bd266ac8eb0,25/11/2020,NOVEMBRO,QUARTA-FEIRA,19,1
138488063,270a3d5a6141454b9326e73e207cb870,18/11/2020,NOVEMBRO,QUARTA-FEIRA,13,1
133111781,cd8b1e4377334ed198a37780f49fa2fe,08/09/2020,SETEMBRO,TERCA-FEIRA,07,0
129050893,274d786f6a8948ea8a740d8bab2c7d69,29/06/2020,JUNHO,SEGUNDA-FEIRA,15,1
44071024,f5649c101bb44325bb21b2c1c3f4126b,28/04/2020,ABRIL,TERCA-FEIRA,11,1
125419093,3d614904cd1541d79e80b00f525e80b3,04/05/2020,MAIO,SEGUNDA-FEIRA,21,0
140472713,d1e8667df91c4daea6763620aaac80bf,28/12/2020,DEZEMBRO,SEGUNDA-FEIRA,16,1
137180131,f17793b51e3c4d86ae1b9387599f219c,26/10/2020,OUTUBRO,SEGUNDA-FEIRA,18,1
134986583,2376dda8ce3e443298abb841278b16b5,09/10/2020,OUTUBRO,SEXTA-FEIRA,16,1
138646989,0b323f0ac43e4d39b4f979cbab1e4690,20/11/2020,NOVEMBRO,SEXTA-FEIRA,16,1
140593283,f746244e419c4f84828ec7cc279c227f,30/12/2020,DEZEMBRO,QUARTA-FEIRA,12,0
139500227,4d87c231784044ec8cfa3289d72664cc,07/12/2020,DEZEMBRO,SEGUNDA-FEIRA,16,1
46984584,5ce61132269e47c9a50a948a8bb503f7,31/08/2020,AGOSTO,SEGUNDA-FEIRA,13,1
118270657,1fc2057fc26043e6870d4e791d87ed09,18/02/2020,FEVEREIRO,TERCA-FEIRA,12,1
47322826,6efb2603b2df44dba9e15e2f5e3c94de,18/09/2020,SETEMBRO,SEXTA-FEIRA,13,1
134351177,c4a2f69f8c2e40a29bca3d95ac3ba316,29/09/2020,SETEMBRO,TERCA-FEIRA,11,1
116297563,bf134df621db45be8cf340e85aa16d27,28/01/2020,JANEIRO,TERCA-FEIRA,14,1
123869465,a3c8d94747994b3ba71aa4bf8693e9fa,21/04/2020,ABRIL,TERCA-FEIRA,13,0
132542761,bf4bff21864f48c6ae50a46e49992e93,28/08/2020,AGOSTO,SEXTA-FEIRA,10,1
132427483,e29dad34c6254fc3a2639ff50e9db456,26/08/2020,AGOSTO,QUARTA-FEIRA,14,1
137899207,6bfea741ef7e44399d0fc0caa22f4f42,08/11/2020,NOVEMBRO,DOMINGO,18,0
47209858,a43c3b34758943a999d98c4095439c8d,11/09/2020,SETEMBRO,SEXTA-FEIRA,17,1
133543483,415319be161e444f8e671cc06e57e40a,15/09/2020,SETEMBRO,TERCA-FEIRA,13,0
136891291,5f870e45486641218f46d50b03bc37c9,21/10/2020,OUTUBRO,QUARTA-FEIRA,16,0
47651712,4858668d70e64543bc5c183b6217753b,08/10/2020,OUTUBRO,QUINTA-FEIRA,12,1
140310321,23d802c020d0497099fb51dbf0d545b4,23/12/2020,DEZEMBRO,QUARTA-FEIRA,12,1
47935144,478f1d1946054e38a66fb3da38ef755e,27/10/2020,OUTUBRO,TERCA-FEIRA,16,1
133285249,4d87c231784044ec8cfa3289d72664cc,10/09/2020,SETEMBRO,QUINTA-FEIRA,10,0
139796845,c67e143369ac422697907254d4377c10,14/12/2020,DEZEMBRO,SEGUNDA-FEIRA,09,1
136565215,9e6132b59807445f93836150d6c89b55,15/10/2020,OUTUBRO,QUINTA-FEIRA,15,1
47154310,f1ff7655b6db4a31be26ada8ef443055,08/09/2020,SETEMBRO,TERCA-FEIRA,20,1
46492908,1c4dfc62745b430e8e5584632d6ed959,23/07/2020,JULHO,QUINTA-FEIRA,12,1
136725003,2becbe6f7e8b467e9dfc5cc9bdb3e795,19/10/2020,OUTUBRO,SEGUNDA-FEIRA,14,0
136994751,8f095357973f4033b46308c9213f9981,23/10/2020,OUTUBRO,SEXTA-FEIRA,09,1
139466805,e6c40aafba4b49cb9fb51ae8b1035501,07/12/2020,DEZEMBRO,SEGUNDA-FEIRA,11,0
46517598,a54cc9d35a0c48d7b0bdf61061c3c9de,27/07/2020,JULHO,SEGUNDA-FEIRA,11,1
134887971,28569a7370d44b7fbe92134d90e9f330,08/10/2020,OUTUBRO,QUINTA-FEIRA,11,1
138786865,0c21f7112e314724a022d754bc673612,24/11/2020,NOVEMBRO,TERCA-FEIRA,10,1
48420356,a992700eed594b7aa4df90b76670435a,22/11/2020,NOVEMBRO,DOMINGO,16,1
129155633,d8d08d7850134a1da0ca527e337b44b7,30/06/2020,JUNHO,TERCA-FEIRA,09,0
128822527,b031e00ca6454509b2197223836db49d,25/06/2020,JUNHO,QUINTA-FEIRA,20,1
139218009,8b5fc62b3b9f4ec4a81b5bee67eb9ddb,02/12/2020,DEZEMBRO,QUARTA-FEIRA,12,0
132985155,e7dd21761e5e4d2e938d87f5665316ed,04/09/2020,SETEMBRO,SEXTA-FEIRA,17,0
133598389,098903d9d01744d68b08297d97a424ad,16/09/2020,SETEMBRO,QUARTA-FEIRA,11,1
130202799,cb56f1d702c742b6b41ed2f2c28183e0,16/07/2020,JULHO,QUINTA-FEIRA,13,1
129424907,b568bb096e4e41358931d0d33da25e08,03/07/2020,JULHO,SEXTA-FEIRA,13,1
119688999,342f6adede604e2d87d640288455a86c,11/03/2020,MARCO,QUARTA-FEIRA,14,1
130841411,6074e293fcb74a91ad0ed6a61262fce4,28/07/2020,JULHO,TERCA-FEIRA,13,1
138474679,d1e8667df91c4daea6763620aaac80bf,18/11/2020,NOVEMBRO,QUARTA-FEIRA,11,1
47660448,d6d15f0a48b04683bd06c60526e9f0c1,08/10/2020,OUTUBRO,QUINTA-FEIRA,18,1
128161361,cdb1d5e1f5834755bb09216666aa77e6,16/06/2020,JUNHO,TERCA-FEIRA,15,1
48423190,ba380fbc86a647bfbd2cd7df7db2f0de,22/11/2020,NOVEMBRO,DOMINGO,18,1
133677663,bf4bff21864f48c6ae50a46e49992e93,17/09/2020,SETEMBRO,QUINTA-FEIRA,14,0
134768057,d02b3f88a772486385642416b78714cc,06/10/2020,OUTUBRO,TERCA-FEIRA,17,1
45474356,fdf4d2eebdce4edb86bfc106b1224254,15/06/2020,JUNHO,SEGUNDA-FEIRA,11,1
134299175,8f095357973f4033b46308c9213f9981,28/09/2020,SETEMBRO,SEGUNDA-FEIRA,13,1
130830595,6074e293fcb74a91ad0ed6a61262fce4,28/07/2020,JULHO,TERCA-FEIRA,11,1
122456313,056d32ffaff0404abbf2d11981967360,09/04/2020,ABRIL,QUINTA-FEIRA,20,0
138007541,5f7409bcaafb455fa9d9a6f4e3101861,10/11/2020,NOVEMBRO,TERCA-FEIRA,12,1
48469446,abbafced7cde4634ade4de593e527f3e,25/11/2020,NOVEMBRO,QUARTA-FEIRA,18,1
47360240,13b74bc9b8d0424493f30532ed46c520,21/09/2020,SETEMBRO,SEGUNDA-FEIRA,11,1
128395773,9dd041469b384707af584ef6721d7e15,19/06/2020,JUNHO,SEXTA-FEIRA,14,1
138228953,9e92559eb5814e28a035a0a7d7114545,13/11/2020,NOVEMBRO,SEXTA-FEIRA,16,0
48634650,a6f1d5285eb24ef6b9d3cf80b589aa8c,11/12/2020,DEZEMBRO,SEXTA-FEIRA,16,1
137026377,01085ad018d44065915af6d22467217b,23/10/2020,OUTUBRO,SEXTA-FEIRA,13,1
48620664,5840e7c7790344c4a3ed52b80583b428,10/12/2020,DEZEMBRO,QUINTA-FEIRA,13,1
125851489,2f3aa6f07bc74c2886139fea52c6b3d3,11/05/2020,MAIO,SEGUNDA-FEIRA,08,0
120643231,a8325b2a457148af8c5e3d9f6664b783,25/03/2020,MARCO,QUARTA-FEIRA,08,0
137016133,0a5b114c9a06480f8b4b9336196f25c4,23/10/2020,OUTUBRO,SEXTA-FEIRA,11,1
124095117,0688dba18bbc4e9ab8cbf2c92703659b,24/04/2020,ABRIL,SEXTA-FEIRA,12,1
140687387,67eb8d7841c043cfbc0895ea36b9fa17,31/12/2020,DEZEMBRO,QUINTA-FEIRA,15,1
139944235,c4abac3d07954e3ba8e0bed46a093311,16/12/2020,DEZEMBRO,QUARTA-FEIRA,11,1
131798373,1bae60da83e842f6b19997e4800ddccb,14/08/2020,AGOSTO,SEXTA-FEIRA,08,1
123426501,bf4bff21864f48c6ae50a46e49992e93,15/04/2020,ABRIL,QUARTA-FEIRA,08,0
125799719,226f632dd8754fc6b99594cc6b1fcb0a,09/05/2020,MAIO,SABADO,14,1
139560295,593dd4c5c4184e7ebc96fbad051d6bc6,09/12/2020,DEZEMBRO,QUARTA-FEIRA,11,1
138843513,236011d4cdec4311bee62578a525e5e5,25/11/2020,NOVEMBRO,QUARTA-FEIRA,10,0
122414273,fecc0b4a8ab8479cb73bb206d18e10c3,09/04/2020,ABRIL,QUINTA-FEIRA,14,0
139141463,a104d345dcf2441995c644a3cb4375dc,30/11/2020,NOVEMBRO,SEGUNDA-FEIRA,17,1
134833735,d0da5674975f41bdbffafb4517e446d9,07/10/2020,OUTUBRO,QUARTA-FEIRA,14,1
137294749,6acd263725574db98607762c5f800562,28/10/2020,OUTUBRO,QUARTA-FEIRA,16,0
131557119,1c4dfc62745b430e8e5584632d6ed959,10/08/2020,AGOSTO,SEGUNDA-FEIRA,11,0
116275041,274d786f6a8948ea8a740d8bab2c7d69,28/01/2020,JANEIRO,TERCA-FEIRA,12,1
47240440,4d87c231784044ec8cfa3289d72664cc,14/09/2020,SETEMBRO,SEGUNDA-FEIRA,15,1
126387395,39e44c0942824f99bfa6de1108598f79,18/05/2020,MAIO,SEGUNDA-FEIRA,14,0
46862082,730c63080e0e4473a8807c5d1363165b,27/08/2020,AGOSTO,QUINTA-FEIRA,11,1
46619106,00b65a70bcf94365bd3b5629cc084327,05/08/2020,AGOSTO,QUARTA-FEIRA,13,1
120775939,7d7e906ad73e482584ff85522841f694,26/03/2020,MARCO,QUINTA-FEIRA,10,0
122047197,5a7c9eb3bc184df38c590ee1ed7bbf97,07/04/2020,ABRIL,TERCA-FEIRA,11,1
117382483,db38d20b198743e186a35890d6b640f3,07/02/2020,FEVEREIRO,SEXTA-FEIRA,10,1
140213059,67b407d35549464492c3ab215d946c3d,21/12/2020,DEZEMBRO,SEGUNDA-FEIRA,16,1
132020023,23723b5ae2b04710a45930c4fcb6458b,19/08/2020,AGOSTO,QUARTA-FEIRA,09,1
126168169,76e7529747ad4f03b60e2c1fb1ff6f59,15/05/2020,MAIO,SEXTA-FEIRA,07,0
48468462,224b304199ed4c35b74e09a367e4a38c,25/11/2020,NOVEMBRO,QUARTA-FEIRA,21,1
134792653,500b9bf864ff46f99ec630543c7c0bb9,07/10/2020,OUTUBRO,QUARTA-FEIRA,09,0
133530589,3435dafdbf794ba3be149ca97a07a160,15/09/2020,SETEMBRO,TERCA-FEIRA,10,1
137546239,1c8141b92c2d477e9d006f22d6e62a2c,02/11/2020,NOVEMBRO,SEGUNDA-FEIRA,13,0
118290977,5c440e33b90b4705bb852da8e59844c5,18/02/2020,FEVEREIRO,TERCA-FEIRA,15,0
123563919,ef1288f082d14ce39995ba0e62a9ff5d,16/04/2020,ABRIL,QUINTA-FEIRA,13,0
134067019,569c804b0cbf4f328d1130301dfdcf13,23/09/2020,SETEMBRO,QUARTA-FEIRA,15,0
46484512,48b585eeaaa74f49b4999153be898901,22/07/2020,JULHO,QUARTA-FEIRA,15,1
133554495,4d87c231784044ec8cfa3289d72664cc,15/09/2020,SETEMBRO,TERCA-FEIRA,14,0
41727458,270043c950d640df8904ddd376a8c3de,23/03/2020,MARCO,SEGUNDA-FEIRA,12,1
132899985,342f6adede604e2d87d640288455a86c,03/09/2020,SETEMBRO,QUINTA-FEIRA,13,0
131736253,270a3d5a6141454b9326e73e207cb870,13/08/2020,AGOSTO,QUINTA-FEIRA,09,1
48772544,a3c8d94747994b3ba71aa4bf8693e9fa,21/12/2020,DEZEMBRO,SEGUNDA-FEIRA,14,1
41683232,73eaf2f4bab2436e9466d07571c68764,20/03/2020,MARCO,SEXTA-FEIRA,10,1
47491778,d6d15f0a48b04683bd06c60526e9f0c1,26/09/2020,SETEMBRO,SABADO,08,1
134643343,d8d08d7850134a1da0ca527e337b44b7,03/10/2020,OUTUBRO,SABADO,10,0
47485208,4694534a1101482b927c45d08d44e4b0,25/09/2020,SETEMBRO,SEXTA-FEIRA,13,1
130912543,9a02e3747f23406cb075c610bde7554e,29/07/2020,JULHO,QUARTA-FEIRA,13,1
44880222,270a3d5a6141454b9326e73e207cb870,21/05/2020,MAIO,QUINTA-FEIRA,12,1
129991609,270a3d5a6141454b9326e73e207cb870,13/07/2020,JULHO,SEGUNDA-FEIRA,14,1
44976138,40897170c9d547c583fbbf0492cc78df,22/05/2020,MAIO,SEXTA-FEIRA,14,1
140592755,1470d2c66d224c4d92bb323c22101913,30/12/2020,DEZEMBRO,QUARTA-FEIRA,12,1
139701991,5b1d45f505e34afc9ff6bcaa9bfea0e0,11/12/2020,DEZEMBRO,SEXTA-FEIRA,11,0
134034939,d33c6f99fffb4ec39c2f94c90db08781,23/09/2020,SETEMBRO,QUARTA-FEIRA,09,1
132709863,30bf9710234b48c795dbb42469c05fa9,31/08/2020,AGOSTO,SEGUNDA-FEIRA,20,0
44841274,5752221717994b2dada61786c6e4a372,19/05/2020,MAIO,TERCA-FEIRA,17,1
131333927,84156c715f204ecf95f37feae2c0a4c2,05/08/2020,AGOSTO,QUARTA-FEIRA,13,0
137155631,48b585eeaaa74f49b4999153be898901,26/10/2020,OUTUBRO,SEGUNDA-FEIRA,14,0
137712571,e7dd21761e5e4d2e938d87f5665316ed,04/11/2020,NOVEMBRO,QUARTA-FEIRA,16,0
127922163,71815fb3e8cf4cb5ae1348afdf9151f0,12/06/2020,JUNHO,SEXTA-FEIRA,09,0
137394491,15155fa725f048b3a4c6b3b10a7aa733,30/10/2020,OUTUBRO,SEXTA-FEIRA,10,1
47578986,53b1ea7e1b67444f9ea948bc96d256cb,02/10/2020,OUTUBRO,SEXTA-FEIRA,14,1
47876830,53b1ea7e1b67444f9ea948bc96d256cb,22/10/2020,OUTUBRO,QUINTA-FEIRA,23,1
46859352,d6d15f0a48b04683bd06c60526e9f0c1,26/08/2020,AGOSTO,QUARTA-FEIRA,17,1
138493311,4a7becbbd1854746bd95b7a65a90426c,18/11/2020,NOVEMBRO,QUARTA-FEIRA,14,0
44145806,c4abac3d07954e3ba8e0bed46a093311,30/04/2020,ABRIL,QUINTA-FEIRA,16,1
139102657,baf66d4adaf6409fa4f4fdcb289688aa,30/11/2020,NOVEMBRO,SEGUNDA-FEIRA,11,1
137965899,9b4d4a1ebd974f7eb5434c3e899bb537,09/11/2020,NOVEMBRO,SEGUNDA-FEIRA,16,1
127921013,71815fb3e8cf4cb5ae1348afdf9151f0,12/06/2020,JUNHO,SEXTA-FEIRA,09,1
48438858,196d97ee02a84353bf7205adf952ae9d,23/11/2020,NOVEMBRO,SEGUNDA-FEIRA,21,1
138978697,7ec5960bda2640dcb9cfc92447792972,27/11/2020,NOVEMBRO,SEXTA-FEIRA,10,0
47877366,c9a9da11556d4fd8b52c29febb7e2e83,22/10/2020,OUTUBRO,QUINTA-FEIRA,22,1
48129212,6bd2d4e88c374e2198e23674573dbecd,10/11/2020,NOVEMBRO,TERCA-FEIRA,12,1
125414813,3d614904cd1541d79e80b00f525e80b3,04/05/2020,MAIO,SEGUNDA-FEIRA,19,0
137602985,8eeacd1cf2c74f18b15c2c0b819f33eb,03/11/2020,NOVEMBRO,TERCA-FEIRA,12,0
120374519,5545de7562fd4c6596b727eb9a8fd26f,22/03/2020,MARCO,DOMINGO,20,0
118160623,539e880c582c4c25a7dacc8c252ec90f,17/02/2020,FEVEREIRO,SEGUNDA-FEIRA,10,1
48057576,2af312c3495043c492c127c1d5ff89fe,05/11/2020,NOVEMBRO,QUINTA-FEIRA,09,1
123225755,f3d5ceb1e8bf4088bd24d1c37a2bc257,14/04/2020,ABRIL,TERCA-FEIRA,08,0
138462117,0ca60b75fc5a443b940cdead230077c9,18/11/2020,NOVEMBRO,QUARTA-FEIRA,09,0
127598751,c451eee1eba24c5ea4d9b3c4f79cff9a,04/06/2020,JUNHO,QUINTA-FEIRA,19,0
40171174,c2241cf1842c49c49880fa54736fee5e,31/01/2020,JANEIRO,SEXTA-FEIRA,16,1
46049404,0688dba18bbc4e9ab8cbf2c92703659b,29/06/2020,JUNHO,SEGUNDA-FEIRA,11,1
137319711,efdbd5af90434276b90480399db5c8a9,29/10/2020,OUTUBRO,QUINTA-FEIRA,10,1
40305676,342f6adede604e2d87d640288455a86c,03/02/2020,FEVEREIRO,SEGUNDA-FEIRA,20,1
139839297,bc03604b5c0c4066a080b13a3d420199,14/12/2020,DEZEMBRO,SEGUNDA-FEIRA,16,0
140524967,5f870e45486641218f46d50b03bc37c9,29/12/2020,DEZEMBRO,TERCA-FEIRA,13,0
120097905,d82845a7378844aa80dc5a1232c3d32c,18/03/2020,MARCO,QUARTA-FEIRA,16,0
127507291,b41ceeb40da949169dce3e623c143f8f,03/06/2020,JUNHO,QUARTA-FEIRA,17,0
47073450,d614da6603bd4222bd28378fdbd3abf6,03/09/2020,SETEMBRO,QUINTA-FEIRA,17,1
132112465,4694534a1101482b927c45d08d44e4b0,20/08/2020,AGOSTO,QUINTA-FEIRA,13,1
117796143,f04b82907d58474dac86d748087fbd95,11/02/2020,FEVEREIRO,TERCA-FEIRA,11,1
41670676,a7cdd96c4cf24d4a8685eeed1785167b,19/03/2020,MARCO,QUINTA-FEIRA,17,1
122281895,c01cf162fd6b4c008d0a3b53acd462c8,08/04/2020,ABRIL,QUARTA-FEIRA,15,0
139207209,5a3095de6e06428186a4160cf710901d,02/12/2020,DEZEMBRO,QUARTA-FEIRA,11,0
48437312,28569a7370d44b7fbe92134d90e9f330,23/11/2020,NOVEMBRO,SEGUNDA-FEIRA,16,1
42152640,8f6c18ab48844042a2f5bcb1124ca8af,07/04/2020,ABRIL,TERCA-FEIRA,19,1
126173809,6657241c0c5b4c48a049e86c34855bfc,15/05/2020,MAIO,SEXTA-FEIRA,08,1
48416998,646644bb258e4d2384684ae5ffeee7f0,21/11/2020,NOVEMBRO,SABADO,15,1
140468637,212b0363974e4b768655eb46e6183166,28/12/2020,DEZEMBRO,SEGUNDA-FEIRA,16,1
133679699,bf4bff21864f48c6ae50a46e49992e93,17/09/2020,SETEMBRO,QUINTA-FEIRA,14,0
139458645,4c0e6a7683c94791871bc1d406a3e164,07/12/2020,DEZEMBRO,SEGUNDA-FEIRA,10,1
44051860,f62d4c259e9e4cff887b4a851f4c1c58,27/04/2020,ABRIL,SEGUNDA-FEIRA,18,1
122051015,bf4bff21864f48c6ae50a46e49992e93,07/04/2020,ABRIL,TERCA-FEIRA,11,0
117975743,f04b82907d58474dac86d748087fbd95,13/02/2020,FEVEREIRO,QUINTA-FEIRA,10,1
140041183,478f1d1946054e38a66fb3da38ef755e,17/12/2020,DEZEMBRO,QUINTA-FEIRA,17,0
121967659,16649de14f3e423094265667af626b07,06/04/2020,ABRIL,SEGUNDA-FEIRA,14,1
41759478,8f6c18ab48844042a2f5bcb1124ca8af,24/03/2020,MARCO,TERCA-FEIRA,10,1
137938435,4ea21b1e753049d58b15e9d556e6a77b,09/11/2020,NOVEMBRO,SEGUNDA-FEIRA,12,0
47227530,4fc83310c9cc44ef8e2bbdf850ff5187,12/09/2020,SETEMBRO,SABADO,21,1
45054596,c4abac3d07954e3ba8e0bed46a093311,26/05/2020,MAIO,TERCA-FEIRA,18,1
133996143,b7f6105b96544ffda9183cc5c5d920d2,22/09/2020,SETEMBRO,TERCA-FEIRA,13,0
140462463,224b304199ed4c35b74e09a367e4a38c,28/12/2020,DEZEMBRO,SEGUNDA-FEIRA,14,1
121887567,b0665056a0884f1b888dddd75974544d,06/04/2020,ABRIL,SEGUNDA-FEIRA,08,1
133920631,df0da1fd1fa54a40acb6648bbf3749a7,21/09/2020,SETEMBRO,SEGUNDA-FEIRA,11,1
129672687,bf4bff21864f48c6ae50a46e49992e93,08/07/2020,JULHO,QUARTA-FEIRA,08,0
130227075,c71ac7d64c174cd39053ffb7115e895d,16/07/2020,JULHO,QUINTA-FEIRA,16,1
46800820,e29dad34c6254fc3a2639ff50e9db456,21/08/2020,AGOSTO,SEXTA-FEIRA,16,1
134182475,d6d15f0a48b04683bd06c60526e9f0c1,25/09/2020,SETEMBRO,SEXTA-FEIRA,10,1
138383553,6fe1f9dd46054decbc6dfa84dfa5f5c8,17/11/2020,NOVEMBRO,TERCA-FEIRA,08,1
138571351,ba4ad54d08b74d259e3b314be8c92d6a,19/11/2020,NOVEMBRO,QUINTA-FEIRA,14,1
137692927,96209be971804c04a1360732bc7b21f1,04/11/2020,NOVEMBRO,QUARTA-FEIRA,14,0
46385864,b031e00ca6454509b2197223836db49d,13/07/2020,JULHO,SEGUNDA-FEIRA,18,1
127664955,c01cf162fd6b4c008d0a3b53acd462c8,05/06/2020,JUNHO,SEXTA-FEIRA,17,1
48870368,7e6147ad173f4fdf9e7e6ee3bb77047e,31/12/2020,DEZEMBRO,QUINTA-FEIRA,01,1
48814624,01c79a286b474f73bdd42c65cbb9c74c,27/12/2020,DEZEMBRO,DOMINGO,20,1
46755278,05f23ac6207442fea3cc8bb3832e2912,18/08/2020,AGOSTO,TERCA-FEIRA,17,1
124022805,5752221717994b2dada61786c6e4a372,23/04/2020,ABRIL,QUINTA-FEIRA,13,1
139550813,e2db970a519741d7a8b6455dcfb93357,09/12/2020,DEZEMBRO,QUARTA-FEIRA,10,0
132096953,342f6adede604e2d87d640288455a86c,20/08/2020,AGOSTO,QUINTA-FEIRA,10,1
117433313,783ae4f1e6664972b8f9a08342b10397,07/02/2020,FEVEREIRO,SEXTA-FEIRA,14,0
132897121,f04b82907d58474dac86d748087fbd95,03/09/2020,SETEMBRO,QUINTA-FEIRA,13,1
116176319,2ae532f9b03944229f9eeaf61f0a89c9,27/01/2020,JANEIRO,SEGUNDA-FEIRA,14,0
134958223,4858668d70e64543bc5c183b6217753b,09/10/2020,OUTUBRO,SEXTA-FEIRA,11,1
132898849,2da042fe99d54ea782b613f727bd0337,03/09/2020,SETEMBRO,QUINTA-FEIRA,14,1
48533354,cb284f17b2394444a92357e0742fa42c,02/12/2020,DEZEMBRO,QUARTA-FEIRA,10,1
137617225,18ab6227bdb84e8489e912469af9e750,03/11/2020,NOVEMBRO,TERCA-FEIRA,14,0
136465371,bc424f7062ca42df81c40bcc8205f48b,14/10/2020,OUTUBRO,QUARTA-FEIRA,09,0
46453968,ad02d20c1cf640b0b37e8c748bb338c1,20/07/2020,JULHO,SEGUNDA-FEIRA,13,1
120854567,3987276fa51f4807b4fff471c9068377,26/03/2020,MARCO,QUINTA-FEIRA,17,1
139546629,78ceb86e84eb4f08825f5a057bf8f3c3,09/12/2020,DEZEMBRO,QUARTA-FEIRA,09,0
48757984,e87d305b09c7405a8e5e121d820b693d,19/12/2020,DEZEMBRO,SABADO,16,1
140263935,6849fe25a3224da4afc80248c6bcd5e9,22/12/2020,DEZEMBRO,TERCA-FEIRA,15,0
46816294,e4613043efdd4a36b3b8f6c125ddf393,24/08/2020,AGOSTO,SEGUNDA-FEIRA,08,1
138123367,ea40a71fbc504a42a7f38919cf3e336e,12/11/2020,NOVEMBRO,QUINTA-FEIRA,10,1
122337067,056d32ffaff0404abbf2d11981967360,08/04/2020,ABRIL,QUARTA-FEIRA,23,0
132318629,c4e39de3479642398364851216b113d5,25/08/2020,AGOSTO,TERCA-FEIRA,08,1
119009593,67eb8d7841c043cfbc0895ea36b9fa17,29/02/2020,FEVEREIRO,SABADO,15,0
48076412,342f6adede604e2d87d640288455a86c,06/11/2020,NOVEMBRO,SEXTA-FEIRA,13,1
132320023,d543ecc6d8c94c3b98769687cbc6e1b5,25/08/2020,AGOSTO,TERCA-FEIRA,09,1
46420852,776871c9b81b4998aa63a04b0311977a,15/07/2020,JULHO,QUARTA-FEIRA,20,1
126690391,270a3d5a6141454b9326e73e207cb870,21/05/2020,MAIO,QUINTA-FEIRA,15,1
127399119,50c93567854d4a70b1dba545dc825ba6,02/06/2020,JUNHO,TERCA-FEIRA,12,1
127619647,c451eee1eba24c5ea4d9b3c4f79cff9a,05/06/2020,JUNHO,SEXTA-FEIRA,10,0
138426689,f9d2fe158cfc400382315dbaf921f80c,17/11/2020,NOVEMBRO,TERCA-FEIRA,16,0
140012847,58a89a0d1b554a6e81a7d7639797bcfe,17/12/2020,DEZEMBRO,QUINTA-FEIRA,12,0
140686897,44e9d0d6994c4dcfbb8d6a5f21e81aee,31/12/2020,DEZEMBRO,QUINTA-FEIRA,16,0
40929270,bf4bff21864f48c6ae50a46e49992e93,10/02/2020,FEVEREIRO,SEGUNDA-FEIRA,06,1
137550821,3cd8bfedeca24f96a49d10387b20ba90,02/11/2020,NOVEMBRO,SEGUNDA-FEIRA,14,1
44114800,525f589ca6b04b878773dc0355ce5232,29/04/2020,ABRIL,QUARTA-FEIRA,20,1
120637417,a8325b2a457148af8c5e3d9f6664b783,24/03/2020,MARCO,TERCA-FEIRA,21,0
134298177,d6d15f0a48b04683bd06c60526e9f0c1,28/09/2020,SETEMBRO,SEGUNDA-FEIRA,14,1
139706065,770c078e882449b69674a57557d0dad9,11/12/2020,DEZEMBRO,SEXTA-FEIRA,12,0
131466191,4694534a1101482b927c45d08d44e4b0,07/08/2020,AGOSTO,SEXTA-FEIRA,12,1
133912777,f17793b51e3c4d86ae1b9387599f219c,21/09/2020,SETEMBRO,SEGUNDA-FEIRA,10,0
139398113,c4abac3d07954e3ba8e0bed46a093311,04/12/2020,DEZEMBRO,SEXTA-FEIRA,17,1
140316143,62e5244abf4345ac8a3b0a70caa59972,23/12/2020,DEZEMBRO,QUARTA-FEIRA,14,1
124451731,17d932e6fbb1454b92c48bad8b148806,26/04/2020,ABRIL,DOMINGO,19,1
133988343,d33c6f99fffb4ec39c2f94c90db08781,22/09/2020,SETEMBRO,TERCA-FEIRA,11,1
47386072,0921f805bd634a07b10f25110c788aa4,23/09/2020,SETEMBRO,QUARTA-FEIRA,09,1
127427965,fe92248729c44f448481c5780127e6d1,02/06/2020,JUNHO,TERCA-FEIRA,15,1
126894487,5ba6e3dd1f39490bbea5ca26f50a79e2,25/05/2020,MAIO,SEGUNDA-FEIRA,14,1
118833459,17d932e6fbb1454b92c48bad8b148806,27/02/2020,FEVEREIRO,QUINTA-FEIRA,10,0
138728113,8f095357973f4033b46308c9213f9981,23/11/2020,NOVEMBRO,SEGUNDA-FEIRA,11,1
48352496,c162de451248401b94dc17e4d5bdc0df,17/11/2020,NOVEMBRO,TERCA-FEIRA,10,1
119292041,95b00d20994a4ca9ab776610edc52d78,04/03/2020,MARCO,QUARTA-FEIRA,14,0
127814681,256fbb9a30f74256ae6808e95a1b1501,09/06/2020,JUNHO,TERCA-FEIRA,10,0
133063921,b0a797ed6c39419d9cba96f6e6fb04bf,07/09/2020,SETEMBRO,SEGUNDA-FEIRA,11,0
140469439,cb949bcaa5f34e4fbba989caae0ab3ca,28/12/2020,DEZEMBRO,SEGUNDA-FEIRA,17,0
48604056,4a9bc415623e4c379f9373719d13335a,09/12/2020,DEZEMBRO,QUARTA-FEIRA,10,1
130120429,256fbb9a30f74256ae6808e95a1b1501,15/07/2020,JULHO,QUARTA-FEIRA,11,0
48562608,533a81b2db14429ca059cef18b7bb56e,04/12/2020,DEZEMBRO,SEXTA-FEIRA,02,1
42662532,0a5f1533de0248549fbaabc6d19c5e53,12/04/2020,ABRIL,DOMINGO,11,1
138361681,eb3d85cf70f249539488e9efae9a32b3,16/11/2020,NOVEMBRO,SEGUNDA-FEIRA,16,1
136465895,bc424f7062ca42df81c40bcc8205f48b,14/10/2020,OUTUBRO,QUARTA-FEIRA,09,0
140320475,bf48a499f69f4e7ebde26d4920a3c623,23/12/2020,DEZEMBRO,QUARTA-FEIRA,14,0
46435158,c71daab876ce49f2872a95a2facdfc36,17/07/2020,JULHO,SEXTA-FEIRA,10,1
139672781,e87d305b09c7405a8e5e121d820b693d,10/12/2020,DEZEMBRO,QUINTA-FEIRA,17,1
48455826,eb33f5bcd7584803accc1a76dfb97842,25/11/2020,NOVEMBRO,QUARTA-FEIRA,09,1
132358249,1fa4c912814b409b8bb34acd847c390f,25/08/2020,AGOSTO,TERCA-FEIRA,15,1
140274371,49699183fea34998bebab46ffcc23eae,22/12/2020,DEZEMBRO,TERCA-FEIRA,17,1
138075927,a34292e443474c678501176be35bcac7,11/11/2020,NOVEMBRO,QUARTA-FEIRA,14,1
125543977,d901171c667d469b8c675c8fe4b56f08,06/05/2020,MAIO,QUARTA-FEIRA,10,1
138557627,ba81996efe8949828bfedececce07e9e,19/11/2020,NOVEMBRO,QUINTA-FEIRA,13,1
125889457,25817d9f4ca24430bcbf1ecd621f7da6,11/05/2020,MAIO,SEGUNDA-FEIRA,11,0
137668675,90d171e6e40e49fab2c8de1c89fb1ad1,04/11/2020,NOVEMBRO,QUARTA-FEIRA,10,0
129144071,070c23788c204562939d94acd76a0f59,30/06/2020,JUNHO,TERCA-FEIRA,07,1
119633349,28569a7370d44b7fbe92134d90e9f330,10/03/2020,MARCO,TERCA-FEIRA,17,0
140024465,ae2d59785f1e4591b127bb37f257e6aa,17/12/2020,DEZEMBRO,QUINTA-FEIRA,14,1
122346413,342f6adede604e2d87d640288455a86c,09/04/2020,ABRIL,QUINTA-FEIRA,09,1
44871480,cb3428bd8eed46819ef6f329a9c947d7,20/05/2020,MAIO,QUARTA-FEIRA,23,1
48638906,a6ef3c80341d4f52b5623813f4d20392,11/12/2020,DEZEMBRO,SEXTA-FEIRA,18,1
47956346,6c9ad3a80bae49b6a1bc8e788239e8f9,28/10/2020,OUTUBRO,QUARTA-FEIRA,17,1
125452409,224b304199ed4c35b74e09a367e4a38c,05/05/2020,MAIO,TERCA-FEIRA,10,1
128529725,6c3344cc7c0d4639b8b3df378ef7e30e,22/06/2020,JUNHO,SEGUNDA-FEIRA,15,1
140063055,facb0579f79c4bbb8fa87beb3da0049c,18/12/2020,DEZEMBRO,SEXTA-FEIRA,10,1
137582659,f020611dd5234853859ae78912fd8c76,03/11/2020,NOVEMBRO,TERCA-FEIRA,01,0
118442885,b031e00ca6454509b2197223836db49d,20/02/2020,FEVEREIRO,QUINTA-FEIRA,13,1
122415017,fef1d086633e4e31a8d061d7cdfce6c9,09/04/2020,ABRIL,QUINTA-FEIRA,14,0
48543632,f8ac210d18b64fd183d178e02916a600,02/12/2020,DEZEMBRO,QUARTA-FEIRA,16,1
116312289,342f6adede604e2d87d640288455a86c,28/01/2020,JANEIRO,TERCA-FEIRA,16,0
47534738,87adca903e4143edb420f433427bd636,30/09/2020,SETEMBRO,QUARTA-FEIRA,10,1
131038483,abbafced7cde4634ade4de593e527f3e,31/07/2020,JULHO,SEXTA-FEIRA,09,1
48039020,3435dafdbf794ba3be149ca97a07a160,03/11/2020,NOVEMBRO,TERCA-FEIRA,22,1
48391408,156f2099ebd544d3879e6aa6bcf3e800,19/11/2020,NOVEMBRO,QUINTA-FEIRA,12,1
133597183,3d614904cd1541d79e80b00f525e80b3,16/09/2020,SETEMBRO,QUARTA-FEIRA,11,1
127227295,6168487489254a88b67b42ca992bca3c,29/05/2020,MAIO,SEXTA-FEIRA,15,0
48779216,e87d305b09c7405a8e5e121d820b693d,21/12/2020,DEZEMBRO,SEGUNDA-FEIRA,19,1
123491951,94df02245f274e44971470a8554fe87d,15/04/2020,ABRIL,QUARTA-FEIRA,15,1
130251753,17d932e6fbb1454b92c48bad8b148806,17/07/2020,JULHO,SEXTA-FEIRA,09,0
139018281,4472807309e54555ae45930dfc283b02,27/11/2020,NOVEMBRO,SEXTA-FEIRA,15,0
123423393,c67e143369ac422697907254d4377c10,15/04/2020,ABRIL,QUARTA-FEIRA,08,1
131767493,b41ceeb40da949169dce3e623c143f8f,13/08/2020,AGOSTO,QUINTA-FEIRA,14,1
139983291,60d3377fd6354086a2e26112818fb942,16/12/2020,DEZEMBRO,QUARTA-FEIRA,16,1
48794698,eab8fbcc286f4561aa6f74301c16572c,23/12/2020,DEZEMBRO,QUARTA-FEIRA,11,1
139217441,2bc76e7fb2384f8ab4b678d9ab0c9330,02/12/2020,DEZEMBRO,QUARTA-FEIRA,12,0
130839549,6074e293fcb74a91ad0ed6a61262fce4,28/07/2020,JULHO,TERCA-FEIRA,13,1
134581355,4d87c231784044ec8cfa3289d72664cc,02/10/2020,OUTUBRO,SEXTA-FEIRA,10,1
130349587,d6d15f0a48b04683bd06c60526e9f0c1,20/07/2020,JULHO,SEGUNDA-FEIRA,09,0
46850310,c2241cf1842c49c49880fa54736fee5e,26/08/2020,AGOSTO,QUARTA-FEIRA,10,1
130184403,9aa5025024934cf3abd809c6f812d48d,16/07/2020,JULHO,QUINTA-FEIRA,10,1
46616004,b608617d1ac44c3884165e99c0781d9f,05/08/2020,AGOSTO,QUARTA-FEIRA,12,1
134494893,df0da1fd1fa54a40acb6648bbf3749a7,01/10/2020,OUTUBRO,QUINTA-FEIRA,10,0
127667437,a34292e443474c678501176be35bcac7,05/06/2020,JUNHO,SEXTA-FEIRA,18,1
43343096,4085a3b61ffb441da5b23779966cc24e,14/04/2020,ABRIL,TERCA-FEIRA,21,1
134120475,4359386f4c3f475daf517828b2204a7d,24/09/2020,SETEMBRO,QUINTA-FEIRA,14,1
130463395,5752221717994b2dada61786c6e4a372,21/07/2020,JULHO,TERCA-FEIRA,14,0
138811197,843c905e328740c19257562791a56538,24/11/2020,NOVEMBRO,TERCA-FEIRA,15,0
130364235,ad02d20c1cf640b0b37e8c748bb338c1,20/07/2020,JULHO,SEGUNDA-FEIRA,10,0
127052049,3c97e5fb8cc7445fa09cc0fa4231a320,27/05/2020,MAIO,QUARTA-FEIRA,13,1
46110014,c1579e283c6640a4b23438b252d9fb4f,30/06/2020,JUNHO,TERCA-FEIRA,23,1
138664699,4fb492d825ec43c29a7000ff56b5aee7,20/11/2020,NOVEMBRO,SEXTA-FEIRA,21,1
131719685,342f6adede604e2d87d640288455a86c,12/08/2020,AGOSTO,QUARTA-FEIRA,16,1
130168325,256fbb9a30f74256ae6808e95a1b1501,16/07/2020,JULHO,QUINTA-FEIRA,08,0
140024579,ba3bdcfcf8f0496db4c6182552d52f3e,17/12/2020,DEZEMBRO,QUINTA-FEIRA,14,0
121727231,256fbb9a30f74256ae6808e95a1b1501,03/04/2020,ABRIL,SEXTA-FEIRA,11,0
48034714,b608617d1ac44c3884165e99c0781d9f,03/11/2020,NOVEMBRO,TERCA-FEIRA,17,1
47614644,4858668d70e64543bc5c183b6217753b,06/10/2020,OUTUBRO,TERCA-FEIRA,12,1
138824559,d0da5674975f41bdbffafb4517e446d9,24/11/2020,NOVEMBRO,TERCA-FEIRA,16,1
48161500,fa7e253f3ce347cea79b1ea04bd297b4,12/11/2020,NOVEMBRO,QUINTA-FEIRA,09,1
121807975,3cd32d3443e8406e841f18701e6b1336,03/04/2020,ABRIL,SEXTA-FEIRA,18,0
138929861,7ad2ca11c66146888d0f48b802903f80,26/11/2020,NOVEMBRO,QUINTA-FEIRA,13,0
116415721,e66f98ecdbd848e7a4c00c90a15271ca,29/01/2020,JANEIRO,QUARTA-FEIRA,16,0
47900188,b031e00ca6454509b2197223836db49d,24/10/2020,OUTUBRO,SABADO,19,1
123767155,6acbd140cb63435fb203607188a3b2f3,20/04/2020,ABRIL,SEGUNDA-FEIRA,11,1
135093927,f3abb56d31e4442b8e12eabad9b79a89,12/10/2020,OUTUBRO,SEGUNDA-FEIRA,17,1
40173562,e83447ac68264e9bb0b4c16f2b25c571,31/01/2020,JANEIRO,SEXTA-FEIRA,18,1
137663175,d8e8d6d11315455299baa6c3a5b0da64,04/11/2020,NOVEMBRO,QUARTA-FEIRA,09,0
127658667,212b0363974e4b768655eb46e6183166,05/06/2020,JUNHO,SEXTA-FEIRA,16,1
129425147,b568bb096e4e41358931d0d33da25e08,03/07/2020,JULHO,SEXTA-FEIRA,13,0
124810145,e483bc7c34644bd8a693fc6671819d1b,29/04/2020,ABRIL,QUARTA-FEIRA,11,0
128873437,1ca382fb705349feac5a7004d95cc658,26/06/2020,JUNHO,SEXTA-FEIRA,12,0
131844541,9febe9e0b61545898d8cc0009c541653,14/08/2020,AGOSTO,SEXTA-FEIRA,16,1
45202326,0688dba18bbc4e9ab8cbf2c92703659b,02/06/2020,JUNHO,TERCA-FEIRA,19,1
46565020,6b1bc926baf34b37ad9b2030a197ae03,30/07/2020,JULHO,QUINTA-FEIRA,18,1
125482881,d901171c667d469b8c675c8fe4b56f08,05/05/2020,MAIO,TERCA-FEIRA,14,1
139851315,bbb510bf67c04b0eb68d0ecc5df5d91e,14/12/2020,DEZEMBRO,SEGUNDA-FEIRA,17,1
133849753,2b001b44991a419ca4ae440b3778f662,19/09/2020,SETEMBRO,SABADO,14,1
118825893,f04b82907d58474dac86d748087fbd95,27/02/2020,FEVEREIRO,QUINTA-FEIRA,09,1
129802643,bf4bff21864f48c6ae50a46e49992e93,09/07/2020,JULHO,QUINTA-FEIRA,11,1
44855908,cb284f17b2394444a92357e0742fa42c,20/05/2020,MAIO,QUARTA-FEIRA,10,1
46441790,6657241c0c5b4c48a049e86c34855bfc,17/07/2020,JULHO,SEXTA-FEIRA,15,1
44548070,4bfcd6b86bc04cf7bbaa1b8a81670787,06/05/2020,MAIO,QUARTA-FEIRA,16,1
48416848,78ceb86e84eb4f08825f5a057bf8f3c3,21/11/2020,NOVEMBRO,SABADO,13,1
129441845,5dc41925bc48492baae549f174c2dd9b,03/07/2020,JULHO,SEXTA-FEIRA,15,0
48404392,2153ffa2529149ab84b30789694996ad,20/11/2020,NOVEMBRO,SEXTA-FEIRA,11,1
138795475,01085ad018d44065915af6d22467217b,24/11/2020,NOVEMBRO,TERCA-FEIRA,13,1
48635752,2635f802d278433e88d882ef9607992c,11/12/2020,DEZEMBRO,SEXTA-FEIRA,12,1
139652841,8f095357973f4033b46308c9213f9981,10/12/2020,DEZEMBRO,QUINTA-FEIRA,14,1
42056734,500b9bf864ff46f99ec630543c7c0bb9,03/04/2020,ABRIL,SEXTA-FEIRA,17,1
123435301,a7cdd96c4cf24d4a8685eeed1785167b,15/04/2020,ABRIL,QUARTA-FEIRA,10,0
46151348,bc89f3433917445694cf64b29d8d90d6,03/07/2020,JULHO,SEXTA-FEIRA,12,1
41324614,5752221717994b2dada61786c6e4a372,28/02/2020,FEVEREIRO,SEXTA-FEIRA,12,1
131190877,983206a77e814bd390cf699f90da0125,03/08/2020,AGOSTO,SEGUNDA-FEIRA,13,1
41405480,056d32ffaff0404abbf2d11981967360,03/03/2020,MARCO,TERCA-FEIRA,23,1
119663207,d3ba89973f5c4778bbdc6a8e408715d5,11/03/2020,MARCO,QUARTA-FEIRA,10,1
125632723,4af58c51a9874150922e795e04665cbf,07/05/2020,MAIO,QUINTA-FEIRA,10,0
137706273,070c23788c204562939d94acd76a0f59,04/11/2020,NOVEMBRO,QUARTA-FEIRA,16,1
125750317,47024ee1460c489ba96d30515515ad65,08/05/2020,MAIO,SEXTA-FEIRA,13,1
132333089,1c4dfc62745b430e8e5584632d6ed959,25/08/2020,AGOSTO,TERCA-FEIRA,10,1
129136137,939231f725a1408c9afec87aa7419f6f,30/06/2020,JUNHO,TERCA-FEIRA,05,1
126072355,48b585eeaaa74f49b4999153be898901,13/05/2020,MAIO,QUARTA-FEIRA,14,1
132906245,ca761e31c69b49e8a302a5db04ab9e1a,03/09/2020,SETEMBRO,QUINTA-FEIRA,14,1
47983306,5eddf41a94144076841e8e7917d290e3,30/10/2020,OUTUBRO,SEXTA-FEIRA,12,1
127298627,ea933ef48bb24a37bb9917c01f51d48d,01/06/2020,JUNHO,SEGUNDA-FEIRA,10,0
128064921,cd8b1e4377334ed198a37780f49fa2fe,15/06/2020,JUNHO,SEGUNDA-FEIRA,14,0
131036687,6b1bc926baf34b37ad9b2030a197ae03,31/07/2020,JULHO,SEXTA-FEIRA,09,1
140494243,2e19846b2b5147c4b5daa11d4fd35a90,29/12/2020,DEZEMBRO,TERCA-FEIRA,09,1
138921793,070b9c0cc22d45e8aaf0790d05049999,26/11/2020,NOVEMBRO,QUINTA-FEIRA,12,1
117796915,f04b82907d58474dac86d748087fbd95,11/02/2020,FEVEREIRO,TERCA-FEIRA,11,1
124842899,cd8b1e4377334ed198a37780f49fa2fe,29/04/2020,ABRIL,QUARTA-FEIRA,15,0
47682544,564e19b1b2464066b728f755c92dd673,10/10/2020,OUTUBRO,SABADO,16,1
129735889,bf4bff21864f48c6ae50a46e49992e93,08/07/2020,JULHO,QUARTA-FEIRA,16,1
130083275,c451eee1eba24c5ea4d9b3c4f79cff9a,14/07/2020,JULHO,TERCA-FEIRA,16,1
47755828,7fbebe963cd04dfc94873434fca40f36,15/10/2020,OUTUBRO,QUINTA-FEIRA,13,1
132955383,f0cb5e3c1cac4fc18313931faf2421f2,04/09/2020,SETEMBRO,SEXTA-FEIRA,12,1
138785685,500b9bf864ff46f99ec630543c7c0bb9,24/11/2020,NOVEMBRO,TERCA-FEIRA,11,1
130933217,7443a9ce923f4ad894106deb9a856065,29/07/2020,JULHO,QUARTA-FEIRA,15,1
46818030,e4613043efdd4a36b3b8f6c125ddf393,24/08/2020,AGOSTO,SEGUNDA-FEIRA,11,1
121663207,070b9c0cc22d45e8aaf0790d05049999,02/04/2020,ABRIL,QUINTA-FEIRA,18,0
132169107,d6d15f0a48b04683bd06c60526e9f0c1,21/08/2020,AGOSTO,SEXTA-FEIRA,12,1
128499823,4af047e372a34fb4bdccd6b4eea23241,22/06/2020,JUNHO,SEGUNDA-FEIRA,11,1
131550989,4694534a1101482b927c45d08d44e4b0,10/08/2020,AGOSTO,SEGUNDA-FEIRA,10,1
139733771,a6f1d5285eb24ef6b9d3cf80b589aa8c,11/12/2020,DEZEMBRO,SEXTA-FEIRA,16,0
45963514,4e559eab3e054ac6bc038522f5586b4d,26/06/2020,JUNHO,SEXTA-FEIRA,22,1
46707426,a54cc9d35a0c48d7b0bdf61061c3c9de,13/08/2020,AGOSTO,QUINTA-FEIRA,13,1
138192633,c3bd7f41bdae47e89c751fe771f927ec,13/11/2020,NOVEMBRO,SEXTA-FEIRA,10,0
48462456,d0da5674975f41bdbffafb4517e446d9,25/11/2020,NOVEMBRO,QUARTA-FEIRA,14,1
140564323,f746244e419c4f84828ec7cc279c227f,29/12/2020,DEZEMBRO,TERCA-FEIRA,19,0
140302831,5ab4976fd0694663b84bef9f5a6f733c,23/12/2020,DEZEMBRO,QUARTA-FEIRA,11,1
136617177,5b4349844f364243949803d18fe156ea,16/10/2020,OUTUBRO,SEXTA-FEIRA,12,1
123247347,226f632dd8754fc6b99594cc6b1fcb0a,14/04/2020,ABRIL,TERCA-FEIRA,09,0
128308207,9dd041469b384707af584ef6721d7e15,18/06/2020,JUNHO,QUINTA-FEIRA,16,1
47019052,de077c13fd83467ab2ddb1267a9f99ef,01/09/2020,SETEMBRO,TERCA-FEIRA,14,1
43492234,44823c22021244dcb746240dbde2e4a6,21/04/2020,ABRIL,TERCA-FEIRA,18,1
45679198,d543ecc6d8c94c3b98769687cbc6e1b5,19/06/2020,JUNHO,SEXTA-FEIRA,18,1
126015549,a7cdd96c4cf24d4a8685eeed1785167b,12/05/2020,MAIO,TERCA-FEIRA,16,1
119636369,95b00d20994a4ca9ab776610edc52d78,10/03/2020,MARCO,TERCA-FEIRA,16,1
132466061,15155fa725f048b3a4c6b3b10a7aa733,27/08/2020,AGOSTO,QUINTA-FEIRA,09,1
126058679,026a5ff6d8294209bdaa77ae7635ae8b,13/05/2020,MAIO,QUARTA-FEIRA,12,1
131094405,bfff8ec4ffe44a689ac6e831c97894f8,31/07/2020,JULHO,SEXTA-FEIRA,16,0
126536703,fef1d086633e4e31a8d061d7cdfce6c9,20/05/2020,MAIO,QUARTA-FEIRA,09,1
42136076,42c292b3639442d3b072f96eeee1e26c,07/04/2020,ABRIL,TERCA-FEIRA,12,1
138481537,3a3c35fa852e4b79a9c56bde667b5d6c,18/11/2020,NOVEMBRO,QUARTA-FEIRA,12,1
139649287,67eb8d7841c043cfbc0895ea36b9fa17,10/12/2020,DEZEMBRO,QUINTA-FEIRA,14,0
140194259,9dbf16e0fb884746a9059f4ca430e1a7,21/12/2020,DEZEMBRO,SEGUNDA-FEIRA,13,1
46458626,41ee1f1959324992b9792c09ebbe5194,20/07/2020,JULHO,SEGUNDA-FEIRA,18,1
46772802,b9d8ea8021654c30a01f5bd266ac8eb0,20/08/2020,AGOSTO,QUINTA-FEIRA,10,1
131265787,b608617d1ac44c3884165e99c0781d9f,04/08/2020,AGOSTO,TERCA-FEIRA,13,1
120621891,270043c950d640df8904ddd376a8c3de,24/03/2020,MARCO,TERCA-FEIRA,17,0
130605409,bff29362da514dbe82cca218fe0e9176,23/07/2020,JULHO,QUINTA-FEIRA,13,0
48071150,48b585eeaaa74f49b4999153be898901,05/11/2020,NOVEMBRO,QUINTA-FEIRA,22,1
126496733,b0665056a0884f1b888dddd75974544d,19/05/2020,MAIO,TERCA-FEIRA,15,1
43581160,beef7659636e4672b38d1999dd79ba93,26/04/2020,ABRIL,DOMINGO,05,1
133630829,00396a6cc69046b787ee55424c4cdc83,16/09/2020,SETEMBRO,QUARTA-FEIRA,16,1
137441851,270a3d5a6141454b9326e73e207cb870,30/10/2020,OUTUBRO,SEXTA-FEIRA,16,0
131575635,25f34b117e70431ab485dea79ebeafa2,10/08/2020,AGOSTO,SEGUNDA-FEIRA,14,0
140326049,8ff636bbba5d4cd8993ab2cc64e1a625,23/12/2020,DEZEMBRO,QUARTA-FEIRA,15,0
48354590,41ee1f1959324992b9792c09ebbe5194,17/11/2020,NOVEMBRO,TERCA-FEIRA,12,1
121373923,78ceb86e84eb4f08825f5a057bf8f3c3,01/04/2020,ABRIL,QUARTA-FEIRA,08,0
43430936,62e5244abf4345ac8a3b0a70caa59972,18/04/2020,ABRIL,SABADO,08,1
131781947,a389ff5b31244ff880597f9aefb1444e,13/08/2020,AGOSTO,QUINTA-FEIRA,17,0
135079941,2db37f5e1ef9428ea7cd5862f99e6792,12/10/2020,OUTUBRO,SEGUNDA-FEIRA,15,0
48687866,c4abac3d07954e3ba8e0bed46a093311,15/12/2020,DEZEMBRO,TERCA-FEIRA,11,1
119674705,5201314d3f22452a83a61ac27e13c069,11/03/2020,MARCO,QUARTA-FEIRA,12,1
47201914,40897170c9d547c583fbbf0492cc78df,11/09/2020,SETEMBRO,SEXTA-FEIRA,10,1
126124019,23723b5ae2b04710a45930c4fcb6458b,14/05/2020,MAIO,QUINTA-FEIRA,11,1
133718579,1c4dfc62745b430e8e5584632d6ed959,18/09/2020,SETEMBRO,SEXTA-FEIRA,10,1
134765599,d6d15f0a48b04683bd06c60526e9f0c1,06/10/2020,OUTUBRO,TERCA-FEIRA,16,1
127563541,ea112308d00446cd811c8ec5302d06fc,04/06/2020,JUNHO,QUINTA-FEIRA,13,1
131723155,e43408e0cde14bb0a8fc10be69cb95d4,12/08/2020,AGOSTO,QUARTA-FEIRA,18,1
137634137,44823c22021244dcb746240dbde2e4a6,03/11/2020,NOVEMBRO,TERCA-FEIRA,16,0
133711171,d82845a7378844aa80dc5a1232c3d32c,18/09/2020,SETEMBRO,SEXTA-FEIRA,09,0
130637331,67eb8d7841c043cfbc0895ea36b9fa17,24/07/2020,JULHO,SEXTA-FEIRA,07,0
45717604,1ca382fb705349feac5a7004d95cc658,21/06/2020,JUNHO,DOMINGO,08,1
41169606,b7f6105b96544ffda9183cc5c5d920d2,19/02/2020,FEVEREIRO,QUARTA-FEIRA,11,1
139489263,34f31ee918dc44a6bab130cc42b7e6e9,07/12/2020,DEZEMBRO,SEGUNDA-FEIRA,14,1
45127602,776871c9b81b4998aa63a04b0311977a,29/05/2020,MAIO,SEXTA-FEIRA,18,1
121729769,15981485c0ea4780b8d28454f214b24d,03/04/2020,ABRIL,SEXTA-FEIRA,11,0
41316750,1ca382fb705349feac5a7004d95cc658,28/02/2020,FEVEREIRO,SEXTA-FEIRA,08,1
129398061,070c23788c204562939d94acd76a0f59,03/07/2020,JULHO,SEXTA-FEIRA,09,0
130082493,5ce095386bc647a7b7c7734bb948ae79,14/07/2020,JULHO,TERCA-FEIRA,16,0
122436685,572e26e41f8c4c38a882c7bf9c027ebf,09/04/2020,ABRIL,QUINTA-FEIRA,16,0
134523801,25817d9f4ca24430bcbf1ecd621f7da6,01/10/2020,OUTUBRO,QUINTA-FEIRA,14,1
136969489,c71daab876ce49f2872a95a2facdfc36,22/10/2020,OUTUBRO,QUINTA-FEIRA,16,1
122082295,d8d08d7850134a1da0ca527e337b44b7,07/04/2020,ABRIL,TERCA-FEIRA,14,0
46763252,2b001b44991a419ca4ae440b3778f662,19/08/2020,AGOSTO,QUARTA-FEIRA,13,1
129471015,ad02d20c1cf640b0b37e8c748bb338c1,04/07/2020,JULHO,SABADO,16,0
48325142,a7cc7732a9364f8b86ba8ece9163a13b,16/11/2020,NOVEMBRO,SEGUNDA-FEIRA,07,1
139487377,a68a36476237455a99d3d9a8a9c09b4d,07/12/2020,DEZEMBRO,SEGUNDA-FEIRA,14,0
48844742,e5d293bd8d2e49459ad1eada07d029e4,29/12/2020,DEZEMBRO,TERCA-FEIRA,16,1
137865375,ea112308d00446cd811c8ec5302d06fc,07/11/2020,NOVEMBRO,SABADO,14,1
120227383,cb284f17b2394444a92357e0742fa42c,20/03/2020,MARCO,SEXTA-FEIRA,10,1
137356807,e483bc7c34644bd8a693fc6671819d1b,29/10/2020,OUTUBRO,QUINTA-FEIRA,15,0
138360823,fb7b32771cb34511b49ad593dfee016e,16/11/2020,NOVEMBRO,SEGUNDA-FEIRA,16,1
134938213,78ceb86e84eb4f08825f5a057bf8f3c3,09/10/2020,OUTUBRO,SEXTA-FEIRA,08,0
124932055,be2f667e703045ce91883641e8c6c0fe,30/04/2020,ABRIL,QUINTA-FEIRA,15,1
124826181,3d710a428e0845f7a3a240c28ca618bb,29/04/2020,ABRIL,QUARTA-FEIRA,13,0
132575885,84e4de8dda4f4909b0d7890554e6394b,28/08/2020,AGOSTO,SEXTA-FEIRA,15,0
139566985,2afcdbd220c940388219220e35a436c7,09/12/2020,DEZEMBRO,QUARTA-FEIRA,12,1
48758136,5ab4976fd0694663b84bef9f5a6f733c,19/12/2020,DEZEMBRO,SABADO,19,1
139248319,4e565ad9e71147cea5095d559cf6220e,02/12/2020,DEZEMBRO,QUARTA-FEIRA,15,1
45337658,9a02e3747f23406cb075c610bde7554e,10/06/2020,JUNHO,QUARTA-FEIRA,15,1
119360787,d3ed306efb4e4bd583eca8fc686c7b63,05/03/2020,MARCO,QUINTA-FEIRA,14,1
137164555,500b9bf864ff46f99ec630543c7c0bb9,26/10/2020,OUTUBRO,SEGUNDA-FEIRA,15,1
137117085,93d41d2c7e8a4f3b9a71cd9254b05f4f,25/10/2020,OUTUBRO,DOMINGO,18,0
138732545,f4438cff2fc94a979f838f6deaa6c70d,23/11/2020,NOVEMBRO,SEGUNDA-FEIRA,12,1
48583966,e0c29d0052bf4d61aa247f44c240712a,07/12/2020,DEZEMBRO,SEGUNDA-FEIRA,09,1
46669424,1fc2057fc26043e6870d4e791d87ed09,10/08/2020,AGOSTO,SEGUNDA-FEIRA,00,1
127155391,52c1e102fc954ab9ade8b9c55fbb175b,28/05/2020,MAIO,QUINTA-FEIRA,16,0
119464131,7af144d5f2e64a598707726ebf853529,08/03/2020,MARCO,DOMINGO,08,0
44105270,fe92248729c44f448481c5780127e6d1,29/04/2020,ABRIL,QUARTA-FEIRA,15,1
126997563,342f6adede604e2d87d640288455a86c,26/05/2020,MAIO,TERCA-FEIRA,17,1
124657965,c8c6f83d84d3442cb13cff48938984f4,27/04/2020,ABRIL,SEGUNDA-FEIRA,14,0
139822893,503b2b08ca794b14994c1f16db9235b3,14/12/2020,DEZEMBRO,SEGUNDA-FEIRA,13,1
41725178,fa7e253f3ce347cea79b1ea04bd297b4,23/03/2020,MARCO,SEGUNDA-FEIRA,10,1
48068564,bc89f3433917445694cf64b29d8d90d6,05/11/2020,NOVEMBRO,QUINTA-FEIRA,19,1
127237233,78ceb86e84eb4f08825f5a057bf8f3c3,29/05/2020,MAIO,SEXTA-FEIRA,19,0
120011777,478f1d1946054e38a66fb3da38ef755e,17/03/2020,MARCO,TERCA-FEIRA,14,1
48326114,c0b250b2e4f64bda9a64530a7b73cf88,15/11/2020,NOVEMBRO,DOMINGO,17,1
138196191,727673e2245d441b9e2ef07f093d8d8d,13/11/2020,NOVEMBRO,SEXTA-FEIRA,11,0
140510715,13f50698b9244dc29dcf0b7b0320b15d,29/12/2020,DEZEMBRO,TERCA-FEIRA,11,1
47632380,d6d15f0a48b04683bd06c60526e9f0c1,07/10/2020,OUTUBRO,QUARTA-FEIRA,12,1
121166843,dd63273b339f4d22aecadacfdce6348e,30/03/2020,MARCO,SEGUNDA-FEIRA,15,1
138815827,926f9d5a91984978a8e99ac7a4b3dc4d,24/11/2020,NOVEMBRO,TERCA-FEIRA,15,0
48633430,a79682378e474d7fa5a481fd20253b46,11/12/2020,DEZEMBRO,SEXTA-FEIRA,13,1
133575791,76e7529747ad4f03b60e2c1fb1ff6f59,16/09/2020,SETEMBRO,QUARTA-FEIRA,05,0
47874756,df281dc485c3466982b560ceeaf364ff,22/10/2020,OUTUBRO,QUINTA-FEIRA,18,1
48404858,49699183fea34998bebab46ffcc23eae,20/11/2020,NOVEMBRO,SEXTA-FEIRA,12,1
47981230,c4b634a30fff4d6b88488c440aaca690,30/10/2020,OUTUBRO,SEXTA-FEIRA,11,1
133682453,bf4bff21864f48c6ae50a46e49992e93,17/09/2020,SETEMBRO,QUINTA-FEIRA,14,1
127871073,9a02e3747f23406cb075c610bde7554e,10/06/2020,JUNHO,QUARTA-FEIRA,14,0
139489157,4694534a1101482b927c45d08d44e4b0,07/12/2020,DEZEMBRO,SEGUNDA-FEIRA,14,1
45129486,776871c9b81b4998aa63a04b0311977a,29/05/2020,MAIO,SEXTA-FEIRA,18,1
126636141,d7933f4a5de64941a6e9cff8e9ab1fdb,21/05/2020,MAIO,QUINTA-FEIRA,09,1
140108645,3b00af72b9b144c586509ea6dfb72f5c,18/12/2020,DEZEMBRO,SEXTA-FEIRA,16,1
124823277,9a02e3747f23406cb075c610bde7554e,29/04/2020,ABRIL,QUARTA-FEIRA,12,1
133467515,6ed9b0c18ec644e884fc1bd88549e9f4,14/09/2020,SETEMBRO,SEGUNDA-FEIRA,11,0
48836230,342f6adede604e2d87d640288455a86c,29/12/2020,DEZEMBRO,TERCA-FEIRA,00,1
125769113,df0da1fd1fa54a40acb6648bbf3749a7,08/05/2020,MAIO,SEXTA-FEIRA,16,0
119217673,342f6adede604e2d87d640288455a86c,03/03/2020,MARCO,TERCA-FEIRA,15,1
137774197,23723b5ae2b04710a45930c4fcb6458b,05/11/2020,NOVEMBRO,QUINTA-FEIRA,17,1
46660890,4694534a1101482b927c45d08d44e4b0,10/08/2020,AGOSTO,SEGUNDA-FEIRA,14,1
46976632,24ccf950b38945078c3b9370d4847204,31/08/2020,AGOSTO,SEGUNDA-FEIRA,10,1
48054706,26707cdbc7834971bbd7489cfad78632,04/11/2020,NOVEMBRO,QUARTA-FEIRA,23,1
133933491,d81ddf53119b43649329e08a4b4f93bc,21/09/2020,SETEMBRO,SEGUNDA-FEIRA,13,1
137339733,50c93567854d4a70b1dba545dc825ba6,29/10/2020,OUTUBRO,QUINTA-FEIRA,12,1
140246261,e982f0f463944209960332d10e10618e,22/12/2020,DEZEMBRO,TERCA-FEIRA,11,1
46566732,abbafced7cde4634ade4de593e527f3e,31/07/2020,JULHO,SEXTA-FEIRA,10,1
139915207,5b8c5b90778e47b18b2456e9869f887f,15/12/2020,DEZEMBRO,TERCA-FEIRA,17,1
124737951,191148ff29c64629b1edf90bfb721256,28/04/2020,ABRIL,TERCA-FEIRA,13,1
128513535,df26329e99ae47d7a1b3ff74d6396d9a,22/06/2020,JUNHO,SEGUNDA-FEIRA,13,1
140298355,fc203b49141948f6978ee2ce9b20b60f,23/12/2020,DEZEMBRO,QUARTA-FEIRA,11,1
132922675,d3ed306efb4e4bd583eca8fc686c7b63,03/09/2020,SETEMBRO,QUINTA-FEIRA,19,1
127979787,cdb1d5e1f5834755bb09216666aa77e6,12/06/2020,JUNHO,SEXTA-FEIRA,18,1
138903583,d4e93a33023c46c09c1796d65c77c7be,26/11/2020,NOVEMBRO,QUINTA-FEIRA,09,1
125508943,60ed128f63d741e69ac55060fc5e95a2,05/05/2020,MAIO,TERCA-FEIRA,19,0
131606147,54adf6b114ae46f9a08e060756e26ed5,11/08/2020,AGOSTO,TERCA-FEIRA,08,1
48766280,37aa99081e3e428dbd01f9ca4ae9ea4d,21/12/2020,DEZEMBRO,SEGUNDA-FEIRA,10,1
48107876,044b66daadb84aaf837dc5f3799571a4,09/11/2020,NOVEMBRO,SEGUNDA-FEIRA,13,1
41563248,5ce61132269e47c9a50a948a8bb503f7,12/03/2020,MARCO,QUINTA-FEIRA,22,1
128123805,58b673cb07074f9e9fe710e6e0682d8b,16/06/2020,JUNHO,TERCA-FEIRA,10,1
140316859,05255fbf3dbc4ac0932efc0295a3863b,23/12/2020,DEZEMBRO,QUARTA-FEIRA,14,1
122813695,572e26e41f8c4c38a882c7bf9c027ebf,13/04/2020,ABRIL,SEGUNDA-FEIRA,09,1
140101685,7915cd367f2f4d74926c13cbb725a78b,18/12/2020,DEZEMBRO,SEXTA-FEIRA,15,1
140515233,6afd321fa40b43e98de48320c58c2b6f,29/12/2020,DEZEMBRO,TERCA-FEIRA,11,1
133242389,c8c6f83d84d3442cb13cff48938984f4,09/09/2020,SETEMBRO,QUARTA-FEIRA,15,0
121904459,6fe1f9dd46054decbc6dfa84dfa5f5c8,06/04/2020,ABRIL,SEGUNDA-FEIRA,09,1
138213273,ea112308d00446cd811c8ec5302d06fc,13/11/2020,NOVEMBRO,SEXTA-FEIRA,14,0
133441255,53b1ea7e1b67444f9ea948bc96d256cb,13/09/2020,SETEMBRO,DOMINGO,20,0
125939565,478f1d1946054e38a66fb3da38ef755e,11/05/2020,MAIO,SEGUNDA-FEIRA,16,1
130071639,fbb3239246734a198492e61048bac1f5,14/07/2020,JULHO,TERCA-FEIRA,14,0
121145625,76e7529747ad4f03b60e2c1fb1ff6f59,30/03/2020,MARCO,SEGUNDA-FEIRA,14,0
127665559,0688dba18bbc4e9ab8cbf2c92703659b,05/06/2020,JUNHO,SEXTA-FEIRA,18,1
133203407,1c4dfc62745b430e8e5584632d6ed959,09/09/2020,SETEMBRO,QUARTA-FEIRA,10,1
120097567,d82845a7378844aa80dc5a1232c3d32c,18/03/2020,MARCO,QUARTA-FEIRA,16,1
123514793,cd8b1e4377334ed198a37780f49fa2fe,15/04/2020,ABRIL,QUARTA-FEIRA,20,0
41502854,6168487489254a88b67b42ca992bca3c,10/03/2020,MARCO,TERCA-FEIRA,21,1
126136751,c1dd4897029f4d689d8bf29190c87169,14/05/2020,MAIO,QUINTA-FEIRA,13,0
41811544,7d7e906ad73e482584ff85522841f694,25/03/2020,MARCO,QUARTA-FEIRA,19,1
45055608,9aa5025024934cf3abd809c6f812d48d,26/05/2020,MAIO,TERCA-FEIRA,18,1
138326835,ea933ef48bb24a37bb9917c01f51d48d,16/11/2020,NOVEMBRO,SEGUNDA-FEIRA,09,1
140601885,1687e9899f9c45b7a5181f4858a03bcc,30/12/2020,DEZEMBRO,QUARTA-FEIRA,13,1
127304483,c1ba7e770c554204ba48b8fef5d817b9,01/06/2020,JUNHO,SEGUNDA-FEIRA,11,0
118441317,e29dad34c6254fc3a2639ff50e9db456,20/02/2020,FEVEREIRO,QUINTA-FEIRA,14,0
139286395,f17793b51e3c4d86ae1b9387599f219c,03/12/2020,DEZEMBRO,QUINTA-FEIRA,10,1
47360384,d3ed306efb4e4bd583eca8fc686c7b63,21/09/2020,SETEMBRO,SEGUNDA-FEIRA,11,1
139026109,15155fa725f048b3a4c6b3b10a7aa733,27/11/2020,NOVEMBRO,SEXTA-FEIRA,17,0
129044145,2ae532f9b03944229f9eeaf61f0a89c9,29/06/2020,JUNHO,SEGUNDA-FEIRA,14,1
121953493,b0665056a0884f1b888dddd75974544d,06/04/2020,ABRIL,SEGUNDA-FEIRA,13,1
116992579,38841307eb5f4102b0ac6902e0d35fda,04/02/2020,FEVEREIRO,TERCA-FEIRA,17,1
140580347,6df82c91d297469a834a0b4cff107e6f,30/12/2020,DEZEMBRO,QUARTA-FEIRA,10,0
139409691,47024ee1460c489ba96d30515515ad65,05/12/2020,DEZEMBRO,SABADO,09,1
132327217,50e3db816fc94dfbb7d53ab0bf431dee,25/08/2020,AGOSTO,TERCA-FEIRA,10,0
41767962,3cb62558262745918722a58ff3bee0d6,24/03/2020,MARCO,TERCA-FEIRA,14,1
126766419,939231f725a1408c9afec87aa7419f6f,22/05/2020,MAIO,SEXTA-FEIRA,11,0
47877740,c71daab876ce49f2872a95a2facdfc36,22/10/2020,OUTUBRO,QUINTA-FEIRA,00,1
137728485,270a3d5a6141454b9326e73e207cb870,05/11/2020,NOVEMBRO,QUINTA-FEIRA,08,0
139594349,b9d8ea8021654c30a01f5bd266ac8eb0,09/12/2020,DEZEMBRO,QUARTA-FEIRA,15,0
128392201,05255fbf3dbc4ac0932efc0295a3863b,19/06/2020,JUNHO,SEXTA-FEIRA,14,1
127617605,500b9bf864ff46f99ec630543c7c0bb9,05/06/2020,JUNHO,SEXTA-FEIRA,10,0
137315621,6acbd140cb63435fb203607188a3b2f3,29/10/2020,OUTUBRO,QUINTA-FEIRA,09,0
118214503,b9d4ae2a8d7c4d7185712e15463e9141,17/02/2020,FEVEREIRO,SEGUNDA-FEIRA,17,1
131775467,776871c9b81b4998aa63a04b0311977a,13/08/2020,AGOSTO,QUINTA-FEIRA,15,1
133211989,aa414af793d143e799b672a39065edd0,09/09/2020,SETEMBRO,QUARTA-FEIRA,10,1
44793370,b41ceeb40da949169dce3e623c143f8f,18/05/2020,MAIO,SEGUNDA-FEIRA,01,1
127235177,bf4bff21864f48c6ae50a46e49992e93,29/05/2020,MAIO,SEXTA-FEIRA,17,1
119128917,97318e89db594647a86f6404daa7f67f,02/03/2020,MARCO,SEGUNDA-FEIRA,16,1
117289981,9dd041469b384707af584ef6721d7e15,06/02/2020,FEVEREIRO,QUINTA-FEIRA,14,1
136555567,f44488221cb942b2a82dcf745ef411c8,15/10/2020,OUTUBRO,QUINTA-FEIRA,13,1
137866025,b031e00ca6454509b2197223836db49d,07/11/2020,NOVEMBRO,SABADO,13,1
132035401,1df32508f76d421289d3288b4fa1961e,19/08/2020,AGOSTO,QUARTA-FEIRA,11,0
119592817,342f6adede604e2d87d640288455a86c,10/03/2020,MARCO,TERCA-FEIRA,11,0
134645029,d02b3f88a772486385642416b78714cc,03/10/2020,OUTUBRO,SABADO,10,1
48358420,0416967d360143d6b092f6e122f1b98a,17/11/2020,NOVEMBRO,TERCA-FEIRA,16,1
125691965,4af58c51a9874150922e795e04665cbf,08/05/2020,MAIO,SEXTA-FEIRA,09,1
48861490,056d32ffaff0404abbf2d11981967360,30/12/2020,DEZEMBRO,QUARTA-FEIRA,15,1
138577813,24c38d1957d54c339e12458d9d1cc2de,19/11/2020,NOVEMBRO,QUINTA-FEIRA,15,1
126996415,c6b1d8797c1a49c48ac459de9c41f90f,26/05/2020,MAIO,TERCA-FEIRA,17,0
126074193,42ecc943d5a64a1f82ddb71834a7ab52,13/05/2020,MAIO,QUARTA-FEIRA,14,0
125555829,4af58c51a9874150922e795e04665cbf,06/05/2020,MAIO,QUARTA-FEIRA,12,0
134327463,5564e0d79b6141888be891dce9509321,29/09/2020,SETEMBRO,TERCA-FEIRA,07,0
123640451,f17793b51e3c4d86ae1b9387599f219c,17/04/2020,ABRIL,SEXTA-FEIRA,11,0
48539518,629a8d7bdeb74f25a3a0ba842406b29b,02/12/2020,DEZEMBRO,QUARTA-FEIRA,15,1
130089239,bf4bff21864f48c6ae50a46e49992e93,14/07/2020,JULHO,TERCA-FEIRA,18,1
127418163,fe92248729c44f448481c5780127e6d1,02/06/2020,JUNHO,TERCA-FEIRA,14,1
136574461,56b61f9d487d44849bab3f9298e7bf00,15/10/2020,OUTUBRO,QUINTA-FEIRA,16,1
44108044,6c9ad3a80bae49b6a1bc8e788239e8f9,29/04/2020,ABRIL,QUARTA-FEIRA,16,1
131995695,4694534a1101482b927c45d08d44e4b0,18/08/2020,AGOSTO,TERCA-FEIRA,16,0
127799661,282cc01b932642c9b78d20640d381ff2,09/06/2020,JUNHO,TERCA-FEIRA,08,1
132956703,d3ed306efb4e4bd583eca8fc686c7b63,04/09/2020,SETEMBRO,SEXTA-FEIRA,12,0
48164952,754d84cb6e644715b41771cef0d77050,12/11/2020,NOVEMBRO,QUINTA-FEIRA,11,1
129692667,6c4e77603cc248569d5a10c2c5ef9a28,08/07/2020,JULHO,QUARTA-FEIRA,11,0
119375155,f3abb56d31e4442b8e12eabad9b79a89,05/03/2020,MARCO,QUINTA-FEIRA,09,1
132663151,24ccf950b38945078c3b9370d4847204,31/08/2020,AGOSTO,SEGUNDA-FEIRA,10,0
47279764,224b304199ed4c35b74e09a367e4a38c,16/09/2020,SETEMBRO,QUARTA-FEIRA,10,1
119471367,84eebe3b193842729006d6670b51e5f4,08/03/2020,MARCO,DOMINGO,18,1
140248153,5a0bac47b3a94b4fa164a8020f245726,22/12/2020,DEZEMBRO,TERCA-FEIRA,12,1
134341765,7ec2efdd4fe74f55830bbadf68fc3bff,29/09/2020,SETEMBRO,TERCA-FEIRA,10,0
132766949,d02b3f88a772486385642416b78714cc,01/09/2020,SETEMBRO,TERCA-FEIRA,15,0
118876251,c7b313fae6e94c54814e8b4afe6de275,27/02/2020,FEVEREIRO,QUINTA-FEIRA,16,1
132683107,8eeacd1cf2c74f18b15c2c0b819f33eb,31/08/2020,AGOSTO,SEGUNDA-FEIRA,14,0
132082881,e6c40aafba4b49cb9fb51ae8b1035501,20/08/2020,AGOSTO,QUINTA-FEIRA,08,1
48826120,044b76f5b5594ab1ac5c51bee7f4fba0,28/12/2020,DEZEMBRO,SEGUNDA-FEIRA,12,1
134877179,1645ee6b29c747ea973f891fecc560d4,08/10/2020,OUTUBRO,QUINTA-FEIRA,10,1
138011879,d0da5674975f41bdbffafb4517e446d9,10/11/2020,NOVEMBRO,TERCA-FEIRA,13,1
133283815,b376532354a941bd84d1ae4bc765d0b3,10/09/2020,SETEMBRO,QUINTA-FEIRA,10,0
134730307,d02b3f88a772486385642416b78714cc,06/10/2020,OUTUBRO,TERCA-FEIRA,11,0
131038021,6b1bc926baf34b37ad9b2030a197ae03,31/07/2020,JULHO,SEXTA-FEIRA,09,0
120760005,5433e600aa194b5fa9033cdc7ef51a4b,25/03/2020,MARCO,QUARTA-FEIRA,21,0
139453187,38841307eb5f4102b0ac6902e0d35fda,07/12/2020,DEZEMBRO,SEGUNDA-FEIRA,09,0
42125232,6c9ad3a80bae49b6a1bc8e788239e8f9,06/04/2020,ABRIL,SEGUNDA-FEIRA,00,1
139587031,c8c6f83d84d3442cb13cff48938984f4,09/12/2020,DEZEMBRO,QUARTA-FEIRA,14,0
127403497,5a7c9eb3bc184df38c590ee1ed7bbf97,02/06/2020,JUNHO,TERCA-FEIRA,13,0
138056209,727673e2245d441b9e2ef07f093d8d8d,11/11/2020,NOVEMBRO,QUARTA-FEIRA,10,0
48784280,38841307eb5f4102b0ac6902e0d35fda,22/12/2020,DEZEMBRO,TERCA-FEIRA,12,1
119391339,0bbd6cca66e949779a709ec0bb186c67,05/03/2020,MARCO,QUINTA-FEIRA,23,1
48059540,0d660031c7844eec97bc8c99c071c50e,05/11/2020,NOVEMBRO,QUINTA-FEIRA,09,1
129648815,5c440e33b90b4705bb852da8e59844c5,07/07/2020,JULHO,TERCA-FEIRA,15,0
130766579,d015b7766a724f489a3d970fd65d9dbf,27/07/2020,JULHO,SEGUNDA-FEIRA,13,0
139625855,c1f6cb6af1f044318cea69e551be320b,10/12/2020,DEZEMBRO,QUINTA-FEIRA,10,1
137778479,13b74bc9b8d0424493f30532ed46c520,05/11/2020,NOVEMBRO,QUINTA-FEIRA,17,1
129719925,ed91f9a6016e49f68dd99e38c41d8a71,08/07/2020,JULHO,QUARTA-FEIRA,14,1
119326197,f3abb56d31e4442b8e12eabad9b79a89,04/03/2020,MARCO,QUARTA-FEIRA,21,0
130997459,1df32508f76d421289d3288b4fa1961e,30/07/2020,JULHO,QUINTA-FEIRA,14,0
131912849,b568bb096e4e41358931d0d33da25e08,17/08/2020,AGOSTO,SEGUNDA-FEIRA,11,1
48065326,0688dba18bbc4e9ab8cbf2c92703659b,05/11/2020,NOVEMBRO,QUINTA-FEIRA,14,1
126014303,4fc83310c9cc44ef8e2bbdf850ff5187,12/05/2020,MAIO,TERCA-FEIRA,16,0
48559436,69c6ca9c085943e0beeeb1f372795d5a,03/12/2020,DEZEMBRO,QUINTA-FEIRA,17,1
132177951,30bf9710234b48c795dbb42469c05fa9,21/08/2020,AGOSTO,SEXTA-FEIRA,13,0
124038903,895ddd5bb7e24256b16be396bd8e93a7,23/04/2020,ABRIL,QUINTA-FEIRA,15,1
138469393,7232fbe49bff4725aa125974bd98ac4f,18/11/2020,NOVEMBRO,QUARTA-FEIRA,10,0
139457143,38841307eb5f4102b0ac6902e0d35fda,07/12/2020,DEZEMBRO,SEGUNDA-FEIRA,09,1
118977079,c4abac3d07954e3ba8e0bed46a093311,28/02/2020,FEVEREIRO,SEXTA-FEIRA,17,0
48399760,fa7e253f3ce347cea79b1ea04bd297b4,19/11/2020,NOVEMBRO,QUINTA-FEIRA,20,1
139143595,563ddd9909a7411dabd70b858ce00b5c,30/11/2020,NOVEMBRO,SEGUNDA-FEIRA,17,1
138413557,3ac42c423dee4059920b8c0c87095135,17/11/2020,NOVEMBRO,TERCA-FEIRA,15,0
137253091,77bfe1db161c4ae0925e9f2d815bab38,28/10/2020,OUTUBRO,QUARTA-FEIRA,10,0
44670092,f86a15d3c46b4ac19aa3654bb51f55fe,12/05/2020,MAIO,TERCA-FEIRA,12,1
138922485,8d3b797d85454f7ca723ad0bc29a4423,26/11/2020,NOVEMBRO,QUINTA-FEIRA,12,0
136471191,3a78c487bea845b08dfbfe607c308367,14/10/2020,OUTUBRO,QUARTA-FEIRA,10,1
120879977,7d7e906ad73e482584ff85522841f694,27/03/2020,MARCO,SEXTA-FEIRA,08,0
128463533,67e4409e643142b5a107ec0ea58fe4f0,22/06/2020,JUNHO,SEGUNDA-FEIRA,08,0
46143308,368f7ce9d9d54162aa18d74433cdfad8,02/07/2020,JULHO,QUINTA-FEIRA,21,1
136565385,843c905e328740c19257562791a56538,15/10/2020,OUTUBRO,QUINTA-FEIRA,15,0
135004437,15155fa725f048b3a4c6b3b10a7aa733,10/10/2020,OUTUBRO,SABADO,11,1
119101197,78ceb86e84eb4f08825f5a057bf8f3c3,02/03/2020,MARCO,SEGUNDA-FEIRA,13,0
139005797,2dbc52a3f4d74ff7a14731b539674a1d,27/11/2020,NOVEMBRO,SEXTA-FEIRA,14,1
132538711,4694534a1101482b927c45d08d44e4b0,28/08/2020,AGOSTO,SEXTA-FEIRA,10,0
135070357,0f5a23e366434e6381873d02f61d6da9,12/10/2020,OUTUBRO,SEGUNDA-FEIRA,13,0
130168803,256fbb9a30f74256ae6808e95a1b1501,16/07/2020,JULHO,QUINTA-FEIRA,08,0
127656845,c451eee1eba24c5ea4d9b3c4f79cff9a,05/06/2020,JUNHO,SEXTA-FEIRA,15,0
46816404,e4613043efdd4a36b3b8f6c125ddf393,24/08/2020,AGOSTO,SEGUNDA-FEIRA,09,1
119252769,bf4bff21864f48c6ae50a46e49992e93,04/03/2020,MARCO,QUARTA-FEIRA,10,1
117935075,f04b82907d58474dac86d748087fbd95,12/02/2020,FEVEREIRO,QUARTA-FEIRA,17,0
121017735,49699183fea34998bebab46ffcc23eae,28/03/2020,MARCO,SABADO,15,0
41884034,ea112308d00446cd811c8ec5302d06fc,28/03/2020,MARCO,SABADO,12,1
134310743,4ebcdb5ec44b43ad94cb314743b8e823,28/09/2020,SETEMBRO,SEGUNDA-FEIRA,15,0
48154700,17d932e6fbb1454b92c48bad8b148806,11/11/2020,NOVEMBRO,QUARTA-FEIRA,19,1
122340623,5a7c9eb3bc184df38c590ee1ed7bbf97,09/04/2020,ABRIL,QUINTA-FEIRA,08,0
132940573,f0cb5e3c1cac4fc18313931faf2421f2,04/09/2020,SETEMBRO,SEXTA-FEIRA,10,1
127932777,256fbb9a30f74256ae6808e95a1b1501,12/06/2020,JUNHO,SEXTA-FEIRA,10,1
140612619,b486a68a864042dbaf5108069d9c382a,30/12/2020,DEZEMBRO,QUARTA-FEIRA,15,1
46399238,db38d20b198743e186a35890d6b640f3,14/07/2020,JULHO,TERCA-FEIRA,09,1
137131571,bc424f7062ca42df81c40bcc8205f48b,26/10/2020,OUTUBRO,SEGUNDA-FEIRA,10,0
118495491,342f6adede604e2d87d640288455a86c,21/02/2020,FEVEREIRO,SEXTA-FEIRA,08,0
139089027,983206a77e814bd390cf699f90da0125,30/11/2020,NOVEMBRO,SEGUNDA-FEIRA,09,0
48768314,9dbf16e0fb884746a9059f4ca430e1a7,21/12/2020,DEZEMBRO,SEGUNDA-FEIRA,10,1
127376263,d8d08d7850134a1da0ca527e337b44b7,02/06/2020,JUNHO,TERCA-FEIRA,09,1
139374353,5c4744a1a2174294b859d5c83afb82fe,04/12/2020,DEZEMBRO,SEXTA-FEIRA,13,1
136471957,5a3095de6e06428186a4160cf710901d,14/10/2020,OUTUBRO,QUARTA-FEIRA,10,0
129326831,47024ee1460c489ba96d30515515ad65,02/07/2020,JULHO,QUINTA-FEIRA,10,1
125999559,c1f6cb6af1f044318cea69e551be320b,12/05/2020,MAIO,TERCA-FEIRA,14,1
120406123,5545de7562fd4c6596b727eb9a8fd26f,23/03/2020,MARCO,SEGUNDA-FEIRA,10,1
140266371,143f3accb3944cbdae5be112b13a90d4,22/12/2020,DEZEMBRO,TERCA-FEIRA,16,0
118768335,0aa9e4852ad14d0384b7cde5d6dcdb6d,26/02/2020,FEVEREIRO,QUARTA-FEIRA,13,0
138361299,3853af31e4c04c6889442c83ff443cd7,16/11/2020,NOVEMBRO,SEGUNDA-FEIRA,16,1
48842594,30b73979f70541d6857e2f86872adfed,29/12/2020,DEZEMBRO,TERCA-FEIRA,14,1
127300615,b41ceeb40da949169dce3e623c143f8f,01/06/2020,JUNHO,SEGUNDA-FEIRA,11,0
46487194,a6f1d5285eb24ef6b9d3cf80b589aa8c,22/07/2020,JULHO,QUARTA-FEIRA,16,1
135059271,87f01711fcff4c4cb39f862111d83189,12/10/2020,OUTUBRO,SEGUNDA-FEIRA,12,0
117693049,bf4bff21864f48c6ae50a46e49992e93,10/02/2020,FEVEREIRO,SEGUNDA-FEIRA,13,0
121879767,b0665056a0884f1b888dddd75974544d,06/04/2020,ABRIL,SEGUNDA-FEIRA,08,0
130109693,1bae60da83e842f6b19997e4800ddccb,15/07/2020,JULHO,QUARTA-FEIRA,09,1
131946487,0bbd6cca66e949779a709ec0bb186c67,17/08/2020,AGOSTO,SEGUNDA-FEIRA,21,1
42123828,115cb6abe4da4fe5a5f63ca391838dc1,06/04/2020,ABRIL,SEGUNDA-FEIRA,22,1
41107394,a3e45e7f3f514903b5cc3d790bdab7dd,14/02/2020,FEVEREIRO,SEXTA-FEIRA,14,1
48563598,044b66daadb84aaf837dc5f3799571a4,04/12/2020,DEZEMBRO,SEXTA-FEIRA,00,1
137029673,01085ad018d44065915af6d22467217b,23/10/2020,OUTUBRO,SEXTA-FEIRA,13,1
139940599,06227ad00fdd41b9826803e378f1d0d1,16/12/2020,DEZEMBRO,QUARTA-FEIRA,11,0
138161255,e2692edce91b4cd0b8df16c13b49b2c5,12/11/2020,NOVEMBRO,QUINTA-FEIRA,15,1
128881301,1ca382fb705349feac5a7004d95cc658,26/06/2020,JUNHO,SEXTA-FEIRA,13,0
139506099,47024ee1460c489ba96d30515515ad65,07/12/2020,DEZEMBRO,SEGUNDA-FEIRA,18,1
47934130,0688dba18bbc4e9ab8cbf2c92703659b,27/10/2020,OUTUBRO,TERCA-FEIRA,14,1
140548275,e56d9fb4c02446c9b4fbec20b825250e,29/12/2020,DEZEMBRO,TERCA-FEIRA,16,0
136917427,4c5738ac72a54e18bcc356f8d5716853,22/10/2020,OUTUBRO,QUINTA-FEIRA,08,1
126139223,47024ee1460c489ba96d30515515ad65,14/05/2020,MAIO,QUINTA-FEIRA,14,1
139560393,0913fc9bad5a485f985e0eb8fa983d4b,09/12/2020,DEZEMBRO,QUARTA-FEIRA,11,1
48041478,f71dac4ae6a341e5829748f389bb4dc2,04/11/2020,NOVEMBRO,QUARTA-FEIRA,07,1
118338391,a34292e443474c678501176be35bcac7,19/02/2020,FEVEREIRO,QUARTA-FEIRA,11,1
138041839,a34292e443474c678501176be35bcac7,10/11/2020,NOVEMBRO,TERCA-FEIRA,12,1
124928467,0688dba18bbc4e9ab8cbf2c92703659b,30/04/2020,ABRIL,QUINTA-FEIRA,14,1
48736552,478f1d1946054e38a66fb3da38ef755e,17/12/2020,DEZEMBRO,QUINTA-FEIRA,17,1
45129472,776871c9b81b4998aa63a04b0311977a,29/05/2020,MAIO,SEXTA-FEIRA,18,1
121369381,78ceb86e84eb4f08825f5a057bf8f3c3,01/04/2020,ABRIL,QUARTA-FEIRA,08,0
40715188,f04b82907d58474dac86d748087fbd95,07/02/2020,FEVEREIRO,SEXTA-FEIRA,17,1
47685232,b4afd1996a7e499f8f87361f367c9aeb,10/10/2020,OUTUBRO,SABADO,10,1
125793299,64b2cf522c634d87ab3f317acb44caf1,09/05/2020,MAIO,SABADO,11,0
131937475,9febe9e0b61545898d8cc0009c541653,17/08/2020,AGOSTO,SEGUNDA-FEIRA,16,1
126124025,dfa3a6a8c8354d829bdf5056588713b3,14/05/2020,MAIO,QUINTA-FEIRA,11,1
140313233,b6442741752444f29d01b3ed12371807,23/12/2020,DEZEMBRO,QUARTA-FEIRA,13,1
128589825,525f589ca6b04b878773dc0355ce5232,23/06/2020,JUNHO,TERCA-FEIRA,12,1
126051841,77c6a00943c340089a89368a149d8ee7,13/05/2020,MAIO,QUARTA-FEIRA,10,0
120593167,a8325b2a457148af8c5e3d9f6664b783,24/03/2020,MARCO,TERCA-FEIRA,14,0
140534525,8f095357973f4033b46308c9213f9981,29/12/2020,DEZEMBRO,TERCA-FEIRA,14,1
133541753,475f0b3b02af43e996fb99328ae6d7a4,15/09/2020,SETEMBRO,TERCA-FEIRA,12,1
46049396,9414be8902b94e7b91a2a78e14695442,29/06/2020,JUNHO,SEGUNDA-FEIRA,11,1
131773769,e43408e0cde14bb0a8fc10be69cb95d4,13/08/2020,AGOSTO,QUINTA-FEIRA,15,1
47535714,d6d15f0a48b04683bd06c60526e9f0c1,30/09/2020,SETEMBRO,QUARTA-FEIRA,10,1
138796317,4858668d70e64543bc5c183b6217753b,24/11/2020,NOVEMBRO,TERCA-FEIRA,12,1
139230959,3cd8bfedeca24f96a49d10387b20ba90,02/12/2020,DEZEMBRO,QUARTA-FEIRA,13,1
134609329,53b1ea7e1b67444f9ea948bc96d256cb,02/10/2020,OUTUBRO,SEXTA-FEIRA,13,1
134504643,d6d15f0a48b04683bd06c60526e9f0c1,01/10/2020,OUTUBRO,QUINTA-FEIRA,12,1
40024226,629a8d7bdeb74f25a3a0ba842406b29b,27/01/2020,JANEIRO,SEGUNDA-FEIRA,17,1
134447753,cd8b1e4377334ed198a37780f49fa2fe,30/09/2020,SETEMBRO,QUARTA-FEIRA,14,0
134108105,5ce61132269e47c9a50a948a8bb503f7,24/09/2020,SETEMBRO,QUINTA-FEIRA,12,1
41799954,7d72d804e05f47de8b03356bb6da8380,25/03/2020,MARCO,QUARTA-FEIRA,14,1
133863355,665bdef8b2c745189d81a77d3eacbf8a,20/09/2020,SETEMBRO,DOMINGO,09,0
139732089,2b001b44991a419ca4ae440b3778f662,11/12/2020,DEZEMBRO,SEXTA-FEIRA,16,0
131222975,bf4bff21864f48c6ae50a46e49992e93,03/08/2020,AGOSTO,SEGUNDA-FEIRA,19,0
48600172,42ecc943d5a64a1f82ddb71834a7ab52,08/12/2020,DEZEMBRO,TERCA-FEIRA,14,1
133514027,6ed9b0c18ec644e884fc1bd88549e9f4,14/09/2020,SETEMBRO,SEGUNDA-FEIRA,14,1
133056947,d6d15f0a48b04683bd06c60526e9f0c1,07/09/2020,SETEMBRO,SEGUNDA-FEIRA,10,1
125729197,cd8b1e4377334ed198a37780f49fa2fe,08/05/2020,MAIO,SEXTA-FEIRA,12,0
48468120,49699183fea34998bebab46ffcc23eae,25/11/2020,NOVEMBRO,QUARTA-FEIRA,20,1
139736757,38b0af124df147469e929f143d475c1b,11/12/2020,DEZEMBRO,SEXTA-FEIRA,16,0
48141392,2c8ead7a949f4badac429d6a6456c0ef,10/11/2020,NOVEMBRO,TERCA-FEIRA,23,1
47850962,c162de451248401b94dc17e4d5bdc0df,22/10/2020,OUTUBRO,QUINTA-FEIRA,08,1
138419417,1c6dcce5338c40a2973f8bbb6bc7ebc0,17/11/2020,NOVEMBRO,TERCA-FEIRA,14,1
47044220,2b001b44991a419ca4ae440b3778f662,02/09/2020,SETEMBRO,QUARTA-FEIRA,13,1
133280771,b568bb096e4e41358931d0d33da25e08,10/09/2020,SETEMBRO,QUINTA-FEIRA,10,1
43500060,342f6adede604e2d87d640288455a86c,22/04/2020,ABRIL,QUARTA-FEIRA,09,1
136921423,9febe9e0b61545898d8cc0009c541653,22/10/2020,OUTUBRO,QUINTA-FEIRA,09,1
117656511,c4abac3d07954e3ba8e0bed46a093311,10/02/2020,FEVEREIRO,SEGUNDA-FEIRA,10,1
138345755,d54f1411d5724ee79f61f51de6cf53cb,16/11/2020,NOVEMBRO,SEGUNDA-FEIRA,13,0
40063328,539e880c582c4c25a7dacc8c252ec90f,28/01/2020,JANEIRO,TERCA-FEIRA,23,1
138620873,49699183fea34998bebab46ffcc23eae,20/11/2020,NOVEMBRO,SEXTA-FEIRA,11,1
140212363,19f203c704c7449c98e154a3e6cced5c,21/12/2020,DEZEMBRO,SEGUNDA-FEIRA,16,0
137740411,25bf7557861f40f69d801b12a58ee28c,05/11/2020,NOVEMBRO,QUINTA-FEIRA,11,0
137961271,cb284f17b2394444a92357e0742fa42c,09/11/2020,NOVEMBRO,SEGUNDA-FEIRA,15,1
48588640,02f1b26aeb6845bca7a4a30b4da7e7a0,07/12/2020,DEZEMBRO,SEGUNDA-FEIRA,13,1
139138321,b433f4695ba54e638aee6503c5117109,30/11/2020,NOVEMBRO,SEGUNDA-FEIRA,16,1
132246745,e29dad34c6254fc3a2639ff50e9db456,24/08/2020,AGOSTO,SEGUNDA-FEIRA,08,1
48570426,01d0b30a002a40a696d12f361077fb92,04/12/2020,DEZEMBRO,SEXTA-FEIRA,15,1
134208205,445e0660dab14cedbed673f297c78177,25/09/2020,SETEMBRO,SEXTA-FEIRA,14,1
42173204,107c40186ad0458c974ea02e6681a665,08/04/2020,ABRIL,QUARTA-FEIRA,03,1
139467225,dfaead6e47114104b84ee5ee409e8c2c,07/12/2020,DEZEMBRO,SEGUNDA-FEIRA,11,0
139833619,8d9e4b58cbc44c3dbaa88df95b945998,14/12/2020,DEZEMBRO,SEGUNDA-FEIRA,15,1
116706729,67eb8d7841c043cfbc0895ea36b9fa17,01/02/2020,FEVEREIRO,SABADO,19,0
134622991,076d5257903542219890276142913ff6,02/10/2020,OUTUBRO,SEXTA-FEIRA,15,1
140628605,b031e00ca6454509b2197223836db49d,30/12/2020,DEZEMBRO,QUARTA-FEIRA,17,0
48093482,0d660031c7844eec97bc8c99c071c50e,07/11/2020,NOVEMBRO,SABADO,14,1
140333473,5ab4976fd0694663b84bef9f5a6f733c,23/12/2020,DEZEMBRO,QUARTA-FEIRA,17,1
120441371,c7c2cb309edb4fc2816e75d1ccbbed2c,23/03/2020,MARCO,SEGUNDA-FEIRA,12,0
118829225,24ea23283533434bb6055b1e9117dde4,27/02/2020,FEVEREIRO,QUINTA-FEIRA,10,1
47818612,12e3286f48c843eea465347244274317,20/10/2020,OUTUBRO,TERCA-FEIRA,11,1
140234763,49699183fea34998bebab46ffcc23eae,22/12/2020,DEZEMBRO,TERCA-FEIRA,10,1
125637671,2afcdbd220c940388219220e35a436c7,07/05/2020,MAIO,QUINTA-FEIRA,10,1
138376017,3435dafdbf794ba3be149ca97a07a160,16/11/2020,NOVEMBRO,SEGUNDA-FEIRA,18,0
121719983,256fbb9a30f74256ae6808e95a1b1501,03/04/2020,ABRIL,SEXTA-FEIRA,10,0
116462471,026a5ff6d8294209bdaa77ae7635ae8b,30/01/2020,JANEIRO,QUINTA-FEIRA,11,1
46507466,abbafced7cde4634ade4de593e527f3e,24/07/2020,JULHO,SEXTA-FEIRA,15,1
46599090,c4e39de3479642398364851216b113d5,04/08/2020,AGOSTO,TERCA-FEIRA,10,1
140290333,15155fa725f048b3a4c6b3b10a7aa733,23/12/2020,DEZEMBRO,QUARTA-FEIRA,10,1
48145904,b031e00ca6454509b2197223836db49d,11/11/2020,NOVEMBRO,QUARTA-FEIRA,12,1
134718251,dade499c500e4efe8093cf257c3fecc0,06/10/2020,OUTUBRO,TERCA-FEIRA,10,1
46568958,ff4fd642886f46469fc7b6c8ab745239,31/07/2020,JULHO,SEXTA-FEIRA,11,1
138087065,5c4744a1a2174294b859d5c83afb82fe,11/11/2020,NOVEMBRO,QUARTA-FEIRA,15,1
120374659,5545de7562fd4c6596b727eb9a8fd26f,22/03/2020,MARCO,DOMINGO,20,0
134419725,8eeacd1cf2c74f18b15c2c0b819f33eb,30/09/2020,SETEMBRO,QUARTA-FEIRA,10,0
120409655,5545de7562fd4c6596b727eb9a8fd26f,23/03/2020,MARCO,SEGUNDA-FEIRA,11,1
140012911,18ab6227bdb84e8489e912469af9e750,17/12/2020,DEZEMBRO,QUINTA-FEIRA,12,0
41550956,478f1d1946054e38a66fb3da38ef755e,12/03/2020,MARCO,QUINTA-FEIRA,13,1
48831602,d1e8667df91c4daea6763620aaac80bf,28/12/2020,DEZEMBRO,SEGUNDA-FEIRA,16,1
139962983,77b4a8ffa94e45febd94b789d192ea77,16/12/2020,DEZEMBRO,QUARTA-FEIRA,14,1
131198103,eb145e8aad9a41b8a8b62fe021302ad6,03/08/2020,AGOSTO,SEGUNDA-FEIRA,13,1
120287145,270043c950d640df8904ddd376a8c3de,20/03/2020,MARCO,SEXTA-FEIRA,15,0
130467569,6657241c0c5b4c48a049e86c34855bfc,21/07/2020,JULHO,TERCA-FEIRA,14,0
47619602,73eaf2f4bab2436e9466d07571c68764,06/10/2020,OUTUBRO,TERCA-FEIRA,15,1
119374719,cd8b1e4377334ed198a37780f49fa2fe,05/03/2020,MARCO,QUINTA-FEIRA,16,0
126658167,cb3428bd8eed46819ef6f329a9c947d7,21/05/2020,MAIO,QUINTA-FEIRA,11,0
117735945,783ae4f1e6664972b8f9a08342b10397,10/02/2020,FEVEREIRO,SEGUNDA-FEIRA,16,0
139907505,7d72d804e05f47de8b03356bb6da8380,15/12/2020,DEZEMBRO,TERCA-FEIRA,15,1
47669826,d6d15f0a48b04683bd06c60526e9f0c1,09/10/2020,OUTUBRO,SEXTA-FEIRA,11,1
140579475,db2e7f8a260d40b5a7acb2866471174f,30/12/2020,DEZEMBRO,QUARTA-FEIRA,10,0
48349290,a38797dbe0b3486c95a8350267f7b4bd,16/11/2020,NOVEMBRO,SEGUNDA-FEIRA,21,1
119206963,d8d08d7850134a1da0ca527e337b44b7,03/03/2020,MARCO,TERCA-FEIRA,14,1
48484244,c1dd4897029f4d689d8bf29190c87169,26/11/2020,NOVEMBRO,QUINTA-FEIRA,20,1
139879831,0a90e59d7cf74348848e06daf52f4f47,15/12/2020,DEZEMBRO,TERCA-FEIRA,11,1
122329705,e87d305b09c7405a8e5e121d820b693d,08/04/2020,ABRIL,QUARTA-FEIRA,18,1
45921234,525f589ca6b04b878773dc0355ce5232,25/06/2020,JUNHO,QUINTA-FEIRA,16,1
139290827,f144787cc89a4fab9bececcedf5d5595,03/12/2020,DEZEMBRO,QUINTA-FEIRA,10,1
139798021,a06c2690d648494f9177d91fb623c575,14/12/2020,DEZEMBRO,SEGUNDA-FEIRA,09,1
46479922,d191d59c0d2048c3a2a9c667afd08344,22/07/2020,JULHO,QUARTA-FEIRA,10,1
137745145,5eddf41a94144076841e8e7917d290e3,05/11/2020,NOVEMBRO,QUINTA-FEIRA,12,1
138842553,236011d4cdec4311bee62578a525e5e5,25/11/2020,NOVEMBRO,QUARTA-FEIRA,10,1
119760881,b568bb096e4e41358931d0d33da25e08,12/03/2020,MARCO,QUINTA-FEIRA,13,1
48175394,525f589ca6b04b878773dc0355ce5232,12/11/2020,NOVEMBRO,QUINTA-FEIRA,15,1
137248131,6acbd140cb63435fb203607188a3b2f3,28/10/2020,OUTUBRO,QUARTA-FEIRA,09,0
129528411,5ce095386bc647a7b7c7734bb948ae79,06/07/2020,JULHO,SEGUNDA-FEIRA,10,1
131966395,c162de451248401b94dc17e4d5bdc0df,18/08/2020,AGOSTO,TERCA-FEIRA,11,1
122099039,ce3209117dd2464f84092a0a5a3db7f0,07/04/2020,ABRIL,TERCA-FEIRA,15,1
126919963,c4a2f69f8c2e40a29bca3d95ac3ba316,25/05/2020,MAIO,SEGUNDA-FEIRA,18,0
48118316,539e880c582c4c25a7dacc8c252ec90f,09/11/2020,NOVEMBRO,SEGUNDA-FEIRA,21,1
48528220,49699183fea34998bebab46ffcc23eae,01/12/2020,DEZEMBRO,TERCA-FEIRA,21,1
119840903,39e44c0942824f99bfa6de1108598f79,13/03/2020,MARCO,SEXTA-FEIRA,16,1
120461377,d8d08d7850134a1da0ca527e337b44b7,23/03/2020,MARCO,SEGUNDA-FEIRA,14,1
127430097,4694534a1101482b927c45d08d44e4b0,02/06/2020,JUNHO,TERCA-FEIRA,16,0
137695515,4fc83310c9cc44ef8e2bbdf850ff5187,04/11/2020,NOVEMBRO,QUARTA-FEIRA,14,1
128392303,9dd041469b384707af584ef6721d7e15,19/06/2020,JUNHO,SEXTA-FEIRA,14,0
137879857,b031e00ca6454509b2197223836db49d,07/11/2020,NOVEMBRO,SABADO,18,1
45098042,26b3806e76044c208f3f4f338f00aee8,28/05/2020,MAIO,QUINTA-FEIRA,14,1
48416250,38d33a3ce7c040349753cad4973fd7db,20/11/2020,NOVEMBRO,SEXTA-FEIRA,23,1
40573252,00b65a70bcf94365bd3b5629cc084327,06/02/2020,FEVEREIRO,QUINTA-FEIRA,14,1
136731169,525f589ca6b04b878773dc0355ce5232,19/10/2020,OUTUBRO,SEGUNDA-FEIRA,15,1
119583779,15155fa725f048b3a4c6b3b10a7aa733,10/03/2020,MARCO,TERCA-FEIRA,10,1
128285677,76e7529747ad4f03b60e2c1fb1ff6f59,18/06/2020,JUNHO,QUINTA-FEIRA,12,0
44043356,5752221717994b2dada61786c6e4a372,27/04/2020,ABRIL,SEGUNDA-FEIRA,14,1
47039826,d3ed306efb4e4bd583eca8fc686c7b63,02/09/2020,SETEMBRO,QUARTA-FEIRA,10,1
128506169,90f974e257e049fba64be79d25b2bb41,22/06/2020,JUNHO,SEGUNDA-FEIRA,14,1
129163541,0d660031c7844eec97bc8c99c071c50e,30/06/2020,JUNHO,TERCA-FEIRA,09,1
133113609,45c1ea5de3c44ea7b76a4dd239f65803,08/09/2020,SETEMBRO,TERCA-FEIRA,09,0
139116835,983206a77e814bd390cf699f90da0125,30/11/2020,NOVEMBRO,SEGUNDA-FEIRA,13,0
47685816,564e19b1b2464066b728f755c92dd673,10/10/2020,OUTUBRO,SABADO,15,1
48532078,c1c10a56e363405289b27ce3afb31de1,02/12/2020,DEZEMBRO,QUARTA-FEIRA,10,1
140456191,aece8b84c55a466c8ce1dcc30747291c,28/12/2020,DEZEMBRO,SEGUNDA-FEIRA,14,1
139694151,1e4436bfe7cf4d57852cf604564a9cc3,11/12/2020,DEZEMBRO,SEXTA-FEIRA,10,1
125761813,b4ffb23176f64e188dbe8f9dfd6e111e,08/05/2020,MAIO,SEXTA-FEIRA,15,0
123992399,7af144d5f2e64a598707726ebf853529,23/04/2020,ABRIL,QUINTA-FEIRA,08,1
130631815,ce0a48cf304344019d833c0f41f61a22,23/07/2020,JULHO,QUINTA-FEIRA,18,0
134807855,d6d15f0a48b04683bd06c60526e9f0c1,07/10/2020,OUTUBRO,QUARTA-FEIRA,11,1
43478910,c4a2f69f8c2e40a29bca3d95ac3ba316,21/04/2020,ABRIL,TERCA-FEIRA,11,1
138791243,120b1f45d39c45e8b2b48676d027d2cf,24/11/2020,NOVEMBRO,TERCA-FEIRA,11,1
119211139,aece8b84c55a466c8ce1dcc30747291c,03/03/2020,MARCO,TERCA-FEIRA,15,0
140202541,304acc1b8894498c82dd1092e7d86849,21/12/2020,DEZEMBRO,SEGUNDA-FEIRA,14,1
135075451,0f5a23e366434e6381873d02f61d6da9,12/10/2020,OUTUBRO,SEGUNDA-FEIRA,14,1
46133172,e29dad34c6254fc3a2639ff50e9db456,02/07/2020,JULHO,QUINTA-FEIRA,11,1
46664962,de077c13fd83467ab2ddb1267a9f99ef,10/08/2020,AGOSTO,SEGUNDA-FEIRA,19,1
130989233,d614da6603bd4222bd28378fdbd3abf6,30/07/2020,JULHO,QUINTA-FEIRA,12,1
47877864,d3ed306efb4e4bd583eca8fc686c7b63,23/10/2020,OUTUBRO,SEXTA-FEIRA,07,1
139749407,593dd4c5c4184e7ebc96fbad051d6bc6,12/12/2020,DEZEMBRO,SABADO,00,1
137743447,0d73f0b8cee54f4dbf869555b5316754,05/11/2020,NOVEMBRO,QUINTA-FEIRA,11,1
41867450,7d7e906ad73e482584ff85522841f694,27/03/2020,MARCO,SEXTA-FEIRA,14,1
127300509,6657241c0c5b4c48a049e86c34855bfc,01/06/2020,JUNHO,SEGUNDA-FEIRA,11,1
47546044,86bc0a74ac0847a9b66a15227a9a4a66,30/09/2020,SETEMBRO,QUARTA-FEIRA,18,1
134742807,55e1e1b31472430b95bfb225a4a6bb9c,06/10/2020,OUTUBRO,TERCA-FEIRA,13,1
120327473,0aa9e4852ad14d0384b7cde5d6dcdb6d,21/03/2020,MARCO,SABADO,12,0
123906997,b0665056a0884f1b888dddd75974544d,22/04/2020,ABRIL,QUARTA-FEIRA,08,0
48790420,c4a2f69f8c2e40a29bca3d95ac3ba316,22/12/2020,DEZEMBRO,TERCA-FEIRA,20,1
47531744,776871c9b81b4998aa63a04b0311977a,29/09/2020,SETEMBRO,TERCA-FEIRA,20,1
137151499,97c6a29dba404f14b69587ce9070f5ea,26/10/2020,OUTUBRO,SEGUNDA-FEIRA,13,1
137394705,342f6adede604e2d87d640288455a86c,30/10/2020,OUTUBRO,SEXTA-FEIRA,10,1
128891053,4d87c231784044ec8cfa3289d72664cc,26/06/2020,JUNHO,SEXTA-FEIRA,14,1
140542265,1687e9899f9c45b7a5181f4858a03bcc,29/12/2020,DEZEMBRO,TERCA-FEIRA,15,1
132661649,5ce61132269e47c9a50a948a8bb503f7,31/08/2020,AGOSTO,SEGUNDA-FEIRA,10,0
124126009,c8c6f83d84d3442cb13cff48938984f4,24/04/2020,ABRIL,SEXTA-FEIRA,16,0
131782589,abbafced7cde4634ade4de593e527f3e,13/08/2020,AGOSTO,QUINTA-FEIRA,17,0
44598458,0688dba18bbc4e9ab8cbf2c92703659b,08/05/2020,MAIO,SEXTA-FEIRA,13,1
139484045,a68a36476237455a99d3d9a8a9c09b4d,07/12/2020,DEZEMBRO,SEGUNDA-FEIRA,14,1
129979667,ba528b3607f645a5867d9400c188f8aa,13/07/2020,JULHO,SEGUNDA-FEIRA,12,1
120392871,5545de7562fd4c6596b727eb9a8fd26f,23/03/2020,MARCO,SEGUNDA-FEIRA,09,0
125570369,c162de451248401b94dc17e4d5bdc0df,06/05/2020,MAIO,QUARTA-FEIRA,13,1
132160241,16649de14f3e423094265667af626b07,21/08/2020,AGOSTO,SEXTA-FEIRA,11,1
139594815,5840e7c7790344c4a3ed52b80583b428,09/12/2020,DEZEMBRO,QUARTA-FEIRA,15,0
117269749,8eeacd1cf2c74f18b15c2c0b819f33eb,06/02/2020,FEVEREIRO,QUINTA-FEIRA,13,1
139303721,5dc41925bc48492baae549f174c2dd9b,03/12/2020,DEZEMBRO,QUINTA-FEIRA,12,1
138598745,ea112308d00446cd811c8ec5302d06fc,19/11/2020,NOVEMBRO,QUINTA-FEIRA,14,1
125396319,342f6adede604e2d87d640288455a86c,04/05/2020,MAIO,SEGUNDA-FEIRA,16,1
134065645,26707cdbc7834971bbd7489cfad78632,23/09/2020,SETEMBRO,QUARTA-FEIRA,14,1
46903194,c1ba7e770c554204ba48b8fef5d817b9,28/08/2020,AGOSTO,SEXTA-FEIRA,16,1
48469378,0688dba18bbc4e9ab8cbf2c92703659b,25/11/2020,NOVEMBRO,QUARTA-FEIRA,18,1
46436840,f81decd94e654909b8a7d7c5cf4ca180,17/07/2020,JULHO,SEXTA-FEIRA,12,1
138123959,3cc65c21a5dd4a1f8a1d6bf9efd7bea6,12/11/2020,NOVEMBRO,QUINTA-FEIRA,10,1
131760063,a1a7fe24bc4141c4babe6d53236dd3a8,13/08/2020,AGOSTO,QUINTA-FEIRA,12,1
140515539,beef7659636e4672b38d1999dd79ba93,29/12/2020,DEZEMBRO,TERCA-FEIRA,11,1
44049810,cb284f17b2394444a92357e0742fa42c,27/04/2020,ABRIL,SEGUNDA-FEIRA,17,1
140689239,25b8a408d95640bba9514eb5d5647b04,31/12/2020,DEZEMBRO,QUINTA-FEIRA,15,1
138161023,f17793b51e3c4d86ae1b9387599f219c,12/11/2020,NOVEMBRO,QUINTA-FEIRA,15,1
139756909,ba3bdcfcf8f0496db4c6182552d52f3e,12/12/2020,DEZEMBRO,SABADO,12,1
129612361,ed91f9a6016e49f68dd99e38c41d8a71,07/07/2020,JULHO,TERCA-FEIRA,10,0
46496146,a8325b2a457148af8c5e3d9f6664b783,23/07/2020,JULHO,QUINTA-FEIRA,15,1
132290101,191148ff29c64629b1edf90bfb721256,24/08/2020,AGOSTO,SEGUNDA-FEIRA,15,0
140268817,72e08d08e7534edd8f791f339341df2a,22/12/2020,DEZEMBRO,TERCA-FEIRA,16,0
139381243,28569a7370d44b7fbe92134d90e9f330,04/12/2020,DEZEMBRO,SEXTA-FEIRA,15,1
48445350,799e277429ef4581bc4ffbdfda587835,24/11/2020,NOVEMBRO,TERCA-FEIRA,11,1
140524495,2ec7908584594cacb76a0372aa11f8a7,29/12/2020,DEZEMBRO,TERCA-FEIRA,13,1
136594475,24c213a821eb434ca5854c3d942690ca,16/10/2020,OUTUBRO,SEXTA-FEIRA,09,1
132985157,e7dd21761e5e4d2e938d87f5665316ed,04/09/2020,SETEMBRO,SEXTA-FEIRA,17,0
124012899,ed91f9a6016e49f68dd99e38c41d8a71,23/04/2020,ABRIL,QUINTA-FEIRA,11,1
126090935,bf4bff21864f48c6ae50a46e49992e93,13/05/2020,MAIO,QUARTA-FEIRA,18,1
127688155,1645ee6b29c747ea973f891fecc560d4,06/06/2020,JUNHO,SABADO,18,1
127370429,d8d08d7850134a1da0ca527e337b44b7,02/06/2020,JUNHO,TERCA-FEIRA,08,1
48557460,d498da926d36460a9ff22c6ffc51d15e,03/12/2020,DEZEMBRO,QUINTA-FEIRA,15,1
122022993,c4e39de3479642398364851216b113d5,07/04/2020,ABRIL,TERCA-FEIRA,09,1
47429362,df0da1fd1fa54a40acb6648bbf3749a7,24/09/2020,SETEMBRO,QUINTA-FEIRA,16,1
139658607,b0665056a0884f1b888dddd75974544d,10/12/2020,DEZEMBRO,QUINTA-FEIRA,15,1
42043696,d0da5674975f41bdbffafb4517e446d9,03/04/2020,ABRIL,SEXTA-FEIRA,11,1
122356287,338a4c58e147419998e8d318d6005ccc,09/04/2020,ABRIL,QUINTA-FEIRA,09,0
134850363,1645ee6b29c747ea973f891fecc560d4,07/10/2020,OUTUBRO,QUARTA-FEIRA,18,0
134190697,9b463849eb7443f0b40b71382673a34c,25/09/2020,SETEMBRO,SEXTA-FEIRA,11,1
134071089,dda0ab0504594ce49a02b1dbfb406c12,23/09/2020,SETEMBRO,QUARTA-FEIRA,16,0
138139797,5cfc56f9c1aa4583b5215e7bbcb88e8c,12/11/2020,NOVEMBRO,QUINTA-FEIRA,12,0
134088807,d33c6f99fffb4ec39c2f94c90db08781,24/09/2020,SETEMBRO,QUINTA-FEIRA,09,1
48355936,0a3647bea26b4402aef7e6c6dff3a6d4,17/11/2020,NOVEMBRO,TERCA-FEIRA,12,1
138826679,d0da5674975f41bdbffafb4517e446d9,24/11/2020,NOVEMBRO,TERCA-FEIRA,17,1
132582693,b031e00ca6454509b2197223836db49d,28/08/2020,AGOSTO,SEXTA-FEIRA,16,0
48189308,2db37f5e1ef9428ea7cd5862f99e6792,13/11/2020,NOVEMBRO,SEXTA-FEIRA,14,1
125629247,fc203b49141948f6978ee2ce9b20b60f,07/05/2020,MAIO,QUINTA-FEIRA,10,1
48877300,478f1d1946054e38a66fb3da38ef755e,31/12/2020,DEZEMBRO,QUINTA-FEIRA,10,1
132390509,24c213a821eb434ca5854c3d942690ca,26/08/2020,AGOSTO,QUARTA-FEIRA,08,1
139288199,bff29362da514dbe82cca218fe0e9176,03/12/2020,DEZEMBRO,QUINTA-FEIRA,10,1
47650240,e9e8aa95ddf249a0b0459d128085e501,08/10/2020,OUTUBRO,QUINTA-FEIRA,10,1
137535341,bc89f3433917445694cf64b29d8d90d6,02/11/2020,NOVEMBRO,SEGUNDA-FEIRA,11,0
46633022,dd63273b339f4d22aecadacfdce6348e,06/08/2020,AGOSTO,QUINTA-FEIRA,14,1
47523702,78ceb86e84eb4f08825f5a057bf8f3c3,29/09/2020,SETEMBRO,TERCA-FEIRA,14,1
139391161,d70558c79b9d446f88aab1e18c4ec5b3,04/12/2020,DEZEMBRO,SEXTA-FEIRA,16,0
129738175,4d87c231784044ec8cfa3289d72664cc,08/07/2020,JULHO,QUARTA-FEIRA,16,1
121601363,4af58c51a9874150922e795e04665cbf,02/04/2020,ABRIL,QUINTA-FEIRA,12,1
134323415,3d614904cd1541d79e80b00f525e80b3,28/09/2020,SETEMBRO,SEGUNDA-FEIRA,20,1
46802050,bf134df621db45be8cf340e85aa16d27,21/08/2020,AGOSTO,SEXTA-FEIRA,18,1
121271849,78ceb86e84eb4f08825f5a057bf8f3c3,31/03/2020,MARCO,TERCA-FEIRA,12,0
47666610,7f6e4953056043dc8b03890944b4cd43,09/10/2020,OUTUBRO,SEXTA-FEIRA,09,1
131194081,eb145e8aad9a41b8a8b62fe021302ad6,03/08/2020,AGOSTO,SEGUNDA-FEIRA,13,0
137312471,60ed128f63d741e69ac55060fc5e95a2,29/10/2020,OUTUBRO,QUINTA-FEIRA,09,0
48612780,df0da1fd1fa54a40acb6648bbf3749a7,09/12/2020,DEZEMBRO,QUARTA-FEIRA,17,1
140010823,f7926d7830894c759035d3eb70dc8adc,17/12/2020,DEZEMBRO,QUINTA-FEIRA,11,0
129615707,35fda130b8e44ed0ad453322ef83cf15,07/07/2020,JULHO,TERCA-FEIRA,10,1
138621245,49699183fea34998bebab46ffcc23eae,20/11/2020,NOVEMBRO,SEXTA-FEIRA,12,0
127157889,c1dd4897029f4d689d8bf29190c87169,28/05/2020,MAIO,QUINTA-FEIRA,17,0
130032805,d6d15f0a48b04683bd06c60526e9f0c1,14/07/2020,JULHO,TERCA-FEIRA,08,1
117069211,24c213a821eb434ca5854c3d942690ca,05/02/2020,FEVEREIRO,QUARTA-FEIRA,10,1
124883439,5c440e33b90b4705bb852da8e59844c5,30/04/2020,ABRIL,QUINTA-FEIRA,08,1
120367007,c2241cf1842c49c49880fa54736fee5e,22/03/2020,MARCO,DOMINGO,15,1
140611901,0db8638379a34d5e9b046b9963f81d4f,30/12/2020,DEZEMBRO,QUARTA-FEIRA,14,0
125402441,1df32508f76d421289d3288b4fa1961e,04/05/2020,MAIO,SEGUNDA-FEIRA,16,0
138008337,73eaf2f4bab2436e9466d07571c68764,10/11/2020,NOVEMBRO,TERCA-FEIRA,12,1
134084549,4c0e6a7683c94791871bc1d406a3e164,24/09/2020,SETEMBRO,QUINTA-FEIRA,08,0
140582451,4d87c231784044ec8cfa3289d72664cc,30/12/2020,DEZEMBRO,QUARTA-FEIRA,10,1
139798681,7af144d5f2e64a598707726ebf853529,14/12/2020,DEZEMBRO,SEGUNDA-FEIRA,10,0
118838115,270043c950d640df8904ddd376a8c3de,27/02/2020,FEVEREIRO,QUINTA-FEIRA,11,1
47580850,53b1ea7e1b67444f9ea948bc96d256cb,02/10/2020,OUTUBRO,SEXTA-FEIRA,15,1
46731436,d6d15f0a48b04683bd06c60526e9f0c1,16/08/2020,AGOSTO,DOMINGO,11,1
132796643,fef1d086633e4e31a8d061d7cdfce6c9,02/09/2020,SETEMBRO,QUARTA-FEIRA,09,1
47711182,b608617d1ac44c3884165e99c0781d9f,12/10/2020,OUTUBRO,SEGUNDA-FEIRA,14,1
44465448,776871c9b81b4998aa63a04b0311977a,04/05/2020,MAIO,SEGUNDA-FEIRA,13,1
119290923,95b00d20994a4ca9ab776610edc52d78,04/03/2020,MARCO,QUARTA-FEIRA,14,0
139943513,c67e143369ac422697907254d4377c10,16/12/2020,DEZEMBRO,QUARTA-FEIRA,11,1
48055622,6c9ad3a80bae49b6a1bc8e788239e8f9,04/11/2020,NOVEMBRO,QUARTA-FEIRA,23,1
125676511,7ad2ca11c66146888d0f48b802903f80,07/05/2020,MAIO,QUINTA-FEIRA,18,1
139732205,df26329e99ae47d7a1b3ff74d6396d9a,11/12/2020,DEZEMBRO,SEXTA-FEIRA,16,1
133847601,2b001b44991a419ca4ae440b3778f662,19/09/2020,SETEMBRO,SABADO,14,0
130416397,3617d2498c984ecab3932da030a0fcf5,20/07/2020,JULHO,SEGUNDA-FEIRA,18,0
128028727,50c93567854d4a70b1dba545dc825ba6,15/06/2020,JUNHO,SEGUNDA-FEIRA,08,1
137806903,76e7529747ad4f03b60e2c1fb1ff6f59,06/11/2020,NOVEMBRO,SEXTA-FEIRA,11,1
46064850,b031e00ca6454509b2197223836db49d,30/06/2020,JUNHO,TERCA-FEIRA,09,1
126004387,4d87c231784044ec8cfa3289d72664cc,12/05/2020,MAIO,TERCA-FEIRA,14,0
43399624,d8d08d7850134a1da0ca527e337b44b7,17/04/2020,ABRIL,SEXTA-FEIRA,10,1
137830819,5855a4da1dfd45febb31ea88ba1f74b3,06/11/2020,NOVEMBRO,SEXTA-FEIRA,17,0
44647096,cfc1a2ca71b24fd5a8e414f121fec073,11/05/2020,MAIO,SEGUNDA-FEIRA,14,1
132939397,8eeacd1cf2c74f18b15c2c0b819f33eb,04/09/2020,SETEMBRO,SEXTA-FEIRA,10,0
137131543,bc424f7062ca42df81c40bcc8205f48b,26/10/2020,OUTUBRO,SEGUNDA-FEIRA,10,0
138146489,044b66daadb84aaf837dc5f3799571a4,12/11/2020,NOVEMBRO,QUINTA-FEIRA,13,1
48710514,478f1d1946054e38a66fb3da38ef755e,16/12/2020,DEZEMBRO,QUARTA-FEIRA,12,1
48553554,fb7b32771cb34511b49ad593dfee016e,03/12/2020,DEZEMBRO,QUINTA-FEIRA,11,1
133562877,00396a6cc69046b787ee55424c4cdc83,15/09/2020,SETEMBRO,TERCA-FEIRA,16,1
134561065,d6d15f0a48b04683bd06c60526e9f0c1,02/10/2020,OUTUBRO,SEXTA-FEIRA,09,0
126894075,cb3428bd8eed46819ef6f329a9c947d7,25/05/2020,MAIO,SEGUNDA-FEIRA,14,1
131231055,270a3d5a6141454b9326e73e207cb870,04/08/2020,AGOSTO,TERCA-FEIRA,08,1
126561593,5752221717994b2dada61786c6e4a372,20/05/2020,MAIO,QUARTA-FEIRA,11,1
46891892,4694534a1101482b927c45d08d44e4b0,28/08/2020,AGOSTO,SEXTA-FEIRA,11,1
44100142,e5d6920da503405aa449881676c58716,29/04/2020,ABRIL,QUARTA-FEIRA,12,1
140436211,f7926d7830894c759035d3eb70dc8adc,28/12/2020,DEZEMBRO,SEGUNDA-FEIRA,11,1
41123362,4e559eab3e054ac6bc038522f5586b4d,15/02/2020,FEVEREIRO,SABADO,14,1
48748654,f84658b307b94f44afdd12a62ecf5524,18/12/2020,DEZEMBRO,SEXTA-FEIRA,14,1
48757812,cd882ee169574da19346654480c43ea3,19/12/2020,DEZEMBRO,SABADO,11,1
44862718,6acbd140cb63435fb203607188a3b2f3,20/05/2020,MAIO,QUARTA-FEIRA,15,1
128105909,76e7529747ad4f03b60e2c1fb1ff6f59,16/06/2020,JUNHO,TERCA-FEIRA,07,0
134351123,4af047e372a34fb4bdccd6b4eea23241,29/09/2020,SETEMBRO,TERCA-FEIRA,10,1
134835739,eab8fbcc286f4561aa6f74301c16572c,07/10/2020,OUTUBRO,QUARTA-FEIRA,15,0
116645265,f04b82907d58474dac86d748087fbd95,31/01/2020,JANEIRO,SEXTA-FEIRA,17,1
140506121,840e18df9c114d73a87dfc92f503df35,29/12/2020,DEZEMBRO,TERCA-FEIRA,10,1
140541417,274d786f6a8948ea8a740d8bab2c7d69,29/12/2020,DEZEMBRO,TERCA-FEIRA,15,1
130839959,42d1cb59ef354394bb17795f82679f15,28/07/2020,JULHO,TERCA-FEIRA,12,1
138217169,5cfc56f9c1aa4583b5215e7bbcb88e8c,13/11/2020,NOVEMBRO,SEXTA-FEIRA,14,0
127973711,7a7b87b2f70e481f845bc1372d49dbed,12/06/2020,JUNHO,SEXTA-FEIRA,15,1
48149374,28569a7370d44b7fbe92134d90e9f330,11/11/2020,NOVEMBRO,QUARTA-FEIRA,14,1
119067277,46e0d2107efb42cbae028f6e0540ed4f,02/03/2020,MARCO,SEGUNDA-FEIRA,10,1
138069277,05f23ac6207442fea3cc8bb3832e2912,11/11/2020,NOVEMBRO,QUARTA-FEIRA,13,0
41478870,2df562ba18d64b9fb2e26ec24d7352f4,07/03/2020,MARCO,SABADO,12,1
137436139,cd8b1e4377334ed198a37780f49fa2fe,30/10/2020,OUTUBRO,SEXTA-FEIRA,16,0
137775045,b89f70bf4e67426688692b6855c22742,05/11/2020,NOVEMBRO,QUINTA-FEIRA,17,1
138683445,939231f725a1408c9afec87aa7419f6f,21/11/2020,NOVEMBRO,SABADO,18,0
128218815,b011e1701116498abf36c25e4affd4a3,17/06/2020,JUNHO,QUARTA-FEIRA,14,1
41725666,73eaf2f4bab2436e9466d07571c68764,23/03/2020,MARCO,SEGUNDA-FEIRA,10,1
41872104,62e125d4c5904cec86e4f816ece8df61,27/03/2020,MARCO,SEXTA-FEIRA,16,1
138942969,7d7e906ad73e482584ff85522841f694,26/11/2020,NOVEMBRO,QUINTA-FEIRA,15,1
122406379,6fe1f9dd46054decbc6dfa84dfa5f5c8,09/04/2020,ABRIL,QUINTA-FEIRA,13,0
117749201,59fc44b7a1f6493fbb957d92edc3a7f9,10/02/2020,FEVEREIRO,SEGUNDA-FEIRA,18,0
118434041,54adf6b114ae46f9a08e060756e26ed5,20/02/2020,FEVEREIRO,QUINTA-FEIRA,12,1
48641562,12dfb513ccd84fdb973c48f224e9baf7,12/12/2020,DEZEMBRO,SABADO,06,1
119205139,939231f725a1408c9afec87aa7419f6f,03/03/2020,MARCO,TERCA-FEIRA,14,1
48855340,c162de451248401b94dc17e4d5bdc0df,30/12/2020,DEZEMBRO,QUARTA-FEIRA,09,1
139866491,c4abac3d07954e3ba8e0bed46a093311,15/12/2020,DEZEMBRO,TERCA-FEIRA,08,0
138226589,d235bcd9b61e439f876e1fd161014985,13/11/2020,NOVEMBRO,SEXTA-FEIRA,16,0
46452928,5c2d686d79474843bb41b51d4da5c7f5,20/07/2020,JULHO,SEGUNDA-FEIRA,14,1
121721125,256fbb9a30f74256ae6808e95a1b1501,03/04/2020,ABRIL,SEXTA-FEIRA,11,0
131089211,bfff8ec4ffe44a689ac6e831c97894f8,31/07/2020,JULHO,SEXTA-FEIRA,16,0
47568010,a8325b2a457148af8c5e3d9f6664b783,01/10/2020,OUTUBRO,QUINTA-FEIRA,23,1
47715192,497b3d10c5c641bfafb3b235835df889,12/10/2020,OUTUBRO,SEGUNDA-FEIRA,16,1
138018061,a4849b1984294b6c99b11aba3157d3aa,10/11/2020,NOVEMBRO,TERCA-FEIRA,14,1
127507019,b41ceeb40da949169dce3e623c143f8f,03/06/2020,JUNHO,QUARTA-FEIRA,17,0
139908655,8f0cc5993b464fdca4aded12b34e4768,15/12/2020,DEZEMBRO,TERCA-FEIRA,16,1
137774847,13b74bc9b8d0424493f30532ed46c520,05/11/2020,NOVEMBRO,QUINTA-FEIRA,17,0
120017441,8f095357973f4033b46308c9213f9981,17/03/2020,MARCO,TERCA-FEIRA,15,0
139026063,44503df578134599ab233be4322e8556,27/11/2020,NOVEMBRO,SEXTA-FEIRA,17,1
140570957,939231f725a1408c9afec87aa7419f6f,30/12/2020,DEZEMBRO,QUARTA-FEIRA,09,1
138063549,e56d9fb4c02446c9b4fbec20b825250e,11/11/2020,NOVEMBRO,QUARTA-FEIRA,12,0
125896371,30b73979f70541d6857e2f86872adfed,11/05/2020,MAIO,SEGUNDA-FEIRA,11,1
132661341,5ce61132269e47c9a50a948a8bb503f7,31/08/2020,AGOSTO,SEGUNDA-FEIRA,10,0
45246658,0688dba18bbc4e9ab8cbf2c92703659b,04/06/2020,JUNHO,QUINTA-FEIRA,18,1
125453863,6657241c0c5b4c48a049e86c34855bfc,05/05/2020,MAIO,TERCA-FEIRA,11,0
117597791,cd8b1e4377334ed198a37780f49fa2fe,09/02/2020,FEVEREIRO,DOMINGO,14,0
138189329,d0da5674975f41bdbffafb4517e446d9,13/11/2020,NOVEMBRO,SEXTA-FEIRA,10,1
47660344,d6d15f0a48b04683bd06c60526e9f0c1,08/10/2020,OUTUBRO,QUINTA-FEIRA,18,1
138739613,9f0830074a364851ad0d5af177560e03,23/11/2020,NOVEMBRO,SEGUNDA-FEIRA,14,0
127930439,76e7529747ad4f03b60e2c1fb1ff6f59,12/06/2020,JUNHO,SEXTA-FEIRA,10,0
129512809,a8325b2a457148af8c5e3d9f6664b783,06/07/2020,JULHO,SEGUNDA-FEIRA,09,1
129524961,35fda130b8e44ed0ad453322ef83cf15,06/07/2020,JULHO,SEGUNDA-FEIRA,10,1
42095564,191148ff29c64629b1edf90bfb721256,06/04/2020,ABRIL,SEGUNDA-FEIRA,11,1
137675095,1e38b0d5026f4d7d8d4440ef95271e68,04/11/2020,NOVEMBRO,QUARTA-FEIRA,11,1
136569353,4c5e431802df444a9d29fe9e94443d54,15/10/2020,OUTUBRO,QUINTA-FEIRA,15,1
127813611,1ca382fb705349feac5a7004d95cc658,09/06/2020,JUNHO,TERCA-FEIRA,11,1
137759899,038a243f206d43f0aa98721d1c450ca1,05/11/2020,NOVEMBRO,QUINTA-FEIRA,14,1
127870901,9a02e3747f23406cb075c610bde7554e,10/06/2020,JUNHO,QUARTA-FEIRA,14,0
132352515,852c6ea0ecaa431baf7584c5eab24bfd,25/08/2020,AGOSTO,TERCA-FEIRA,14,0
139015241,696bd5799742465f90744b0d75d7a75f,27/11/2020,NOVEMBRO,SEXTA-FEIRA,16,0
48823332,070c23788c204562939d94acd76a0f59,28/12/2020,DEZEMBRO,SEGUNDA-FEIRA,09,1
120776569,7d7e906ad73e482584ff85522841f694,26/03/2020,MARCO,QUINTA-FEIRA,10,0
132263649,c8c6f83d84d3442cb13cff48938984f4,24/08/2020,AGOSTO,SEGUNDA-FEIRA,10,0
137017955,97c6a29dba404f14b69587ce9070f5ea,23/10/2020,OUTUBRO,SEXTA-FEIRA,11,0
139489053,b75365c1ed964c6f9cd5dc65ff435bfb,07/12/2020,DEZEMBRO,SEGUNDA-FEIRA,14,0
47969982,5520da44689f44ee9f1de0f3e6f9f2b8,29/10/2020,OUTUBRO,QUINTA-FEIRA,16,1
121229911,b0665056a0884f1b888dddd75974544d,31/03/2020,MARCO,TERCA-FEIRA,09,0
136635947,00396a6cc69046b787ee55424c4cdc83,16/10/2020,OUTUBRO,SEXTA-FEIRA,15,1
124025171,5752221717994b2dada61786c6e4a372,23/04/2020,ABRIL,QUINTA-FEIRA,13,1
40765182,24ea23283533434bb6055b1e9117dde4,08/02/2020,FEVEREIRO,SABADO,11,1
48139502,0430eb403e0047cc99d21b1150a2b7c4,10/11/2020,NOVEMBRO,TERCA-FEIRA,19,1
48144130,fd0df177c6a041f883ebd6ee31cb81e5,11/11/2020,NOVEMBRO,QUARTA-FEIRA,10,1
44852690,d7933f4a5de64941a6e9cff8e9ab1fdb,20/05/2020,MAIO,QUARTA-FEIRA,09,1
140030947,b4f73503d09640a487b7e1b0ebc87460,17/12/2020,DEZEMBRO,QUINTA-FEIRA,15,1
139989899,c67e143369ac422697907254d4377c10,16/12/2020,DEZEMBRO,QUARTA-FEIRA,18,1
137807217,76e7529747ad4f03b60e2c1fb1ff6f59,06/11/2020,NOVEMBRO,SEXTA-FEIRA,11,1
131335627,c1c10a56e363405289b27ce3afb31de1,05/08/2020,AGOSTO,QUARTA-FEIRA,13,0
139095407,983206a77e814bd390cf699f90da0125,30/11/2020,NOVEMBRO,SEGUNDA-FEIRA,10,0
126388763,39e44c0942824f99bfa6de1108598f79,18/05/2020,MAIO,SEGUNDA-FEIRA,14,0
48616932,7149ffa1d5e742dbbf8ea40872ebd41d,10/12/2020,DEZEMBRO,QUINTA-FEIRA,09,1
139740039,cb809ac53a944a239562c31368b6e85a,11/12/2020,DEZEMBRO,SEXTA-FEIRA,17,0
118042237,2ae532f9b03944229f9eeaf61f0a89c9,14/02/2020,FEVEREIRO,SEXTA-FEIRA,10,1
120079787,4d87c231784044ec8cfa3289d72664cc,18/03/2020,MARCO,QUARTA-FEIRA,13,0
48352564,776871c9b81b4998aa63a04b0311977a,17/11/2020,NOVEMBRO,TERCA-FEIRA,10,1
132620261,226f632dd8754fc6b99594cc6b1fcb0a,29/08/2020,AGOSTO,SABADO,19,0
47876102,12e3286f48c843eea465347244274317,22/10/2020,OUTUBRO,QUINTA-FEIRA,19,1
133448529,4d37973b9cc44d4cace26e4a73ccca73,14/09/2020,SETEMBRO,SEGUNDA-FEIRA,07,1
134623221,826e23c35be2453f91f4fcb2e718f3a0,02/10/2020,OUTUBRO,SEXTA-FEIRA,15,1
48711982,f8ac210d18b64fd183d178e02916a600,16/12/2020,DEZEMBRO,QUARTA-FEIRA,12,1
46117150,5752221717994b2dada61786c6e4a372,01/07/2020,JULHO,QUARTA-FEIRA,13,1
134106491,342f6adede604e2d87d640288455a86c,24/09/2020,SETEMBRO,QUINTA-FEIRA,12,1
44981616,4472807309e54555ae45930dfc283b02,22/05/2020,MAIO,SEXTA-FEIRA,16,1
42105624,a7cdd96c4cf24d4a8685eeed1785167b,06/04/2020,ABRIL,SEGUNDA-FEIRA,15,1
117875259,89d3c8f79257497e8488aeb2781ecebc,12/02/2020,FEVEREIRO,QUARTA-FEIRA,10,1
132690617,de077c13fd83467ab2ddb1267a9f99ef,31/08/2020,AGOSTO,SEGUNDA-FEIRA,14,1
48149350,879f3cc7257748809e6782ed73176e17,11/11/2020,NOVEMBRO,QUARTA-FEIRA,14,1
131674017,270a3d5a6141454b9326e73e207cb870,12/08/2020,AGOSTO,QUARTA-FEIRA,09,1
47932050,0688dba18bbc4e9ab8cbf2c92703659b,27/10/2020,OUTUBRO,TERCA-FEIRA,12,1
47695898,2db37f5e1ef9428ea7cd5862f99e6792,11/10/2020,OUTUBRO,DOMINGO,12,1
137998595,c4abac3d07954e3ba8e0bed46a093311,10/11/2020,NOVEMBRO,TERCA-FEIRA,11,1
140536875,895ddd5bb7e24256b16be396bd8e93a7,29/12/2020,DEZEMBRO,TERCA-FEIRA,14,0
45575874,ff4fd642886f46469fc7b6c8ab745239,17/06/2020,JUNHO,QUARTA-FEIRA,12,1
130297621,76e7529747ad4f03b60e2c1fb1ff6f59,17/07/2020,JULHO,SEXTA-FEIRA,16,0
139396677,044b66daadb84aaf837dc5f3799571a4,04/12/2020,DEZEMBRO,SEXTA-FEIRA,16,1
129570247,c451eee1eba24c5ea4d9b3c4f79cff9a,06/07/2020,JULHO,SEGUNDA-FEIRA,16,0
44791306,776871c9b81b4998aa63a04b0311977a,17/05/2020,MAIO,DOMINGO,19,1
138644913,3aaf7ad218dc419b9d4beb806a4e31f4,20/11/2020,NOVEMBRO,SEXTA-FEIRA,15,1
119976021,78ceb86e84eb4f08825f5a057bf8f3c3,17/03/2020,MARCO,TERCA-FEIRA,07,1
137940839,4ea21b1e753049d58b15e9d556e6a77b,09/11/2020,NOVEMBRO,SEGUNDA-FEIRA,12,1
138915253,67eb8d7841c043cfbc0895ea36b9fa17,26/11/2020,NOVEMBRO,QUINTA-FEIRA,11,0
124033865,ce4b57d989544c38bdd8ec08aa01fe6c,23/04/2020,ABRIL,QUINTA-FEIRA,14,0
125443897,224b304199ed4c35b74e09a367e4a38c,05/05/2020,MAIO,TERCA-FEIRA,10,1
140454953,87f01711fcff4c4cb39f862111d83189,28/12/2020,DEZEMBRO,SEGUNDA-FEIRA,14,0
140336387,b21ce0602d6648139ef9659f1ee6ce6f,23/12/2020,DEZEMBRO,QUARTA-FEIRA,17,0
122027179,478f1d1946054e38a66fb3da38ef755e,07/04/2020,ABRIL,TERCA-FEIRA,09,1
44433210,bf4bff21864f48c6ae50a46e49992e93,02/05/2020,MAIO,SABADO,14,1
47660352,d6d15f0a48b04683bd06c60526e9f0c1,08/10/2020,OUTUBRO,QUINTA-FEIRA,18,1
48587398,6b1bc926baf34b37ad9b2030a197ae03,07/12/2020,DEZEMBRO,SEGUNDA-FEIRA,11,1
47745936,fa0da7b97f66418dadb36e9996561c45,14/10/2020,OUTUBRO,QUARTA-FEIRA,21,1
116422725,d02b3f88a772486385642416b78714cc,29/01/2020,JANEIRO,QUARTA-FEIRA,17,1
42052770,40897170c9d547c583fbbf0492cc78df,03/04/2020,ABRIL,SEXTA-FEIRA,16,1
140612349,1470d2c66d224c4d92bb323c22101913,30/12/2020,DEZEMBRO,QUARTA-FEIRA,15,1
122053541,50ad10220f9a48dea19aad2722a9a0bc,07/04/2020,ABRIL,TERCA-FEIRA,12,0
46601728,b608617d1ac44c3884165e99c0781d9f,04/08/2020,AGOSTO,TERCA-FEIRA,11,1
139006497,497b3d10c5c641bfafb3b235835df889,27/11/2020,NOVEMBRO,SEXTA-FEIRA,14,1
140600199,aa8eec02bbd942e5bc8124d840352504,30/12/2020,DEZEMBRO,QUARTA-FEIRA,13,0
137694475,96209be971804c04a1360732bc7b21f1,04/11/2020,NOVEMBRO,QUARTA-FEIRA,14,0
140171689,019d690a96604a049ed58eea48a732a1,21/12/2020,DEZEMBRO,SEGUNDA-FEIRA,10,1
138136347,044b66daadb84aaf837dc5f3799571a4,12/11/2020,NOVEMBRO,QUINTA-FEIRA,12,1
133302043,fe92248729c44f448481c5780127e6d1,10/09/2020,SETEMBRO,QUINTA-FEIRA,13,1
130616447,5ce61132269e47c9a50a948a8bb503f7,23/07/2020,JULHO,QUINTA-FEIRA,14,1
123628025,e5db3c978eab4bbba0c9e7a09596d77f,17/04/2020,ABRIL,SEXTA-FEIRA,10,1
128683909,776b3cb9d8144952bd4f4d20321b3745,24/06/2020,JUNHO,QUARTA-FEIRA,11,0
123755213,ea933ef48bb24a37bb9917c01f51d48d,20/04/2020,ABRIL,SEGUNDA-FEIRA,10,1
43384812,107c40186ad0458c974ea02e6681a665,16/04/2020,ABRIL,QUINTA-FEIRA,13,1
48719764,c67e143369ac422697907254d4377c10,16/12/2020,DEZEMBRO,QUARTA-FEIRA,19,1
139453119,8d25cdfaf2bf4141b0eb92cfc193ba18,07/12/2020,DEZEMBRO,SEGUNDA-FEIRA,09,1
140298617,fb70efff2a024ed9801936e1fd41a257,23/12/2020,DEZEMBRO,QUARTA-FEIRA,11,1
119225115,342f6adede604e2d87d640288455a86c,03/03/2020,MARCO,TERCA-FEIRA,17,1
134594845,076d5257903542219890276142913ff6,02/10/2020,OUTUBRO,SEXTA-FEIRA,11,0
139511547,a68a36476237455a99d3d9a8a9c09b4d,08/12/2020,DEZEMBRO,TERCA-FEIRA,08,0
129641813,c6afedd6a9ee4b6c95b140613c52d47c,07/07/2020,JULHO,TERCA-FEIRA,14,1
140016503,5201314d3f22452a83a61ac27e13c069,17/12/2020,DEZEMBRO,QUINTA-FEIRA,12,1
129873409,256fbb9a30f74256ae6808e95a1b1501,10/07/2020,JULHO,SEXTA-FEIRA,11,1
119473509,056d32ffaff0404abbf2d11981967360,08/03/2020,MARCO,DOMINGO,21,1
125663575,288d8b55fd304a49ab5d4da13348a0d8,07/05/2020,MAIO,QUINTA-FEIRA,15,1
48413170,236011d4cdec4311bee62578a525e5e5,20/11/2020,NOVEMBRO,SEXTA-FEIRA,20,1
117797967,056d32ffaff0404abbf2d11981967360,11/02/2020,FEVEREIRO,TERCA-FEIRA,12,1
44629664,5ab4976fd0694663b84bef9f5a6f733c,09/05/2020,MAIO,SABADO,22,1
122290811,c01cf162fd6b4c008d0a3b53acd462c8,08/04/2020,ABRIL,QUARTA-FEIRA,15,1
134669351,d02b3f88a772486385642416b78714cc,04/10/2020,OUTUBRO,DOMINGO,17,0
48454626,d3ed306efb4e4bd583eca8fc686c7b63,25/11/2020,NOVEMBRO,QUARTA-FEIRA,07,1
120821383,ac8fa2a948c14e1b88e038737165ad82,26/03/2020,MARCO,QUINTA-FEIRA,14,1
132195773,5520da44689f44ee9f1de0f3e6f9f2b8,21/08/2020,AGOSTO,SEXTA-FEIRA,17,0
138553309,0d83e8f168b945138bd25a5896d7a771,19/11/2020,NOVEMBRO,QUINTA-FEIRA,11,0
139229921,224b304199ed4c35b74e09a367e4a38c,02/12/2020,DEZEMBRO,QUARTA-FEIRA,13,1
139794505,c67e143369ac422697907254d4377c10,14/12/2020,DEZEMBRO,SEGUNDA-FEIRA,09,1
133737783,cd882ee169574da19346654480c43ea3,18/09/2020,SETEMBRO,SEXTA-FEIRA,13,1
137769887,1e8fac876f6c48a2883ffc909a0da425,05/11/2020,NOVEMBRO,QUINTA-FEIRA,15,1
139007143,0b323f0ac43e4d39b4f979cbab1e4690,27/11/2020,NOVEMBRO,SEXTA-FEIRA,14,1
48438410,fef1d086633e4e31a8d061d7cdfce6c9,23/11/2020,NOVEMBRO,SEGUNDA-FEIRA,19,1
46593912,b608617d1ac44c3884165e99c0781d9f,03/08/2020,AGOSTO,SEGUNDA-FEIRA,15,1
137112791,1db531296c3147efafc9a1ead855d7a3,25/10/2020,OUTUBRO,DOMINGO,15,0
121803831,6fe1f9dd46054decbc6dfa84dfa5f5c8,03/04/2020,ABRIL,SEXTA-FEIRA,18,0
125348775,076d5257903542219890276142913ff6,04/05/2020,MAIO,SEGUNDA-FEIRA,11,0
138843625,274d786f6a8948ea8a740d8bab2c7d69,25/11/2020,NOVEMBRO,QUARTA-FEIRA,10,1
46683448,2635f802d278433e88d882ef9607992c,11/08/2020,AGOSTO,TERCA-FEIRA,18,1
137742299,8eeacd1cf2c74f18b15c2c0b819f33eb,05/11/2020,NOVEMBRO,QUINTA-FEIRA,11,0
128206999,ff4fd642886f46469fc7b6c8ab745239,17/06/2020,JUNHO,QUARTA-FEIRA,12,1
45213346,94df02245f274e44971470a8554fe87d,03/06/2020,JUNHO,QUARTA-FEIRA,10,1
123829359,799e277429ef4581bc4ffbdfda587835,21/04/2020,ABRIL,TERCA-FEIRA,09,0
123834315,a3c8d94747994b3ba71aa4bf8693e9fa,21/04/2020,ABRIL,TERCA-FEIRA,09,0
121596619,298d4041d01f46ee982316724d9911de,02/04/2020,ABRIL,QUINTA-FEIRA,11,0
125276955,1ca382fb705349feac5a7004d95cc658,02/05/2020,MAIO,SABADO,14,0
139513623,47024ee1460c489ba96d30515515ad65,08/12/2020,DEZEMBRO,TERCA-FEIRA,08,1
127200207,23723b5ae2b04710a45930c4fcb6458b,29/05/2020,MAIO,SEXTA-FEIRA,11,1
130513013,5c2d686d79474843bb41b51d4da5c7f5,22/07/2020,JULHO,QUARTA-FEIRA,10,1
48358412,0416967d360143d6b092f6e122f1b98a,17/11/2020,NOVEMBRO,TERCA-FEIRA,16,1
134499523,d3ba89973f5c4778bbdc6a8e408715d5,01/10/2020,OUTUBRO,QUINTA-FEIRA,10,0
137046035,40897170c9d547c583fbbf0492cc78df,23/10/2020,OUTUBRO,SEXTA-FEIRA,15,1
133393885,40897170c9d547c583fbbf0492cc78df,11/09/2020,SETEMBRO,SEXTA-FEIRA,16,1
43540438,1eb40053b1c342aab6e052c74aa98748,23/04/2020,ABRIL,QUINTA-FEIRA,00,1
131728063,e43408e0cde14bb0a8fc10be69cb95d4,13/08/2020,AGOSTO,QUINTA-FEIRA,05,1
48688732,36e50d4331c844bb9ddedde726b7cafc,15/12/2020,DEZEMBRO,TERCA-FEIRA,12,1
126975019,478f1d1946054e38a66fb3da38ef755e,26/05/2020,MAIO,TERCA-FEIRA,13,1
138746215,f144787cc89a4fab9bececcedf5d5595,23/11/2020,NOVEMBRO,SEGUNDA-FEIRA,14,0
48828436,54adf6b114ae46f9a08e060756e26ed5,28/12/2020,DEZEMBRO,SEGUNDA-FEIRA,15,1
41146408,24ea23283533434bb6055b1e9117dde4,17/02/2020,FEVEREIRO,SEGUNDA-FEIRA,19,1
46420434,5ce095386bc647a7b7c7734bb948ae79,15/07/2020,JULHO,QUARTA-FEIRA,18,1
117975475,f04b82907d58474dac86d748087fbd95,13/02/2020,FEVEREIRO,QUINTA-FEIRA,11,1
46825456,d81ddf53119b43649329e08a4b4f93bc,24/08/2020,AGOSTO,SEGUNDA-FEIRA,14,1
48191282,73cfb0eb9a4d4d59a181feaedc4a52a3,13/11/2020,NOVEMBRO,SEXTA-FEIRA,16,1
125935217,ce4b57d989544c38bdd8ec08aa01fe6c,11/05/2020,MAIO,SEGUNDA-FEIRA,16,0
47079014,d3ed306efb4e4bd583eca8fc686c7b63,04/09/2020,SETEMBRO,SEXTA-FEIRA,06,1
47369952,934d2f7318554b59b9be832b7e8d42cc,21/09/2020,SETEMBRO,SEGUNDA-FEIRA,21,1
132273613,1db531296c3147efafc9a1ead855d7a3,24/08/2020,AGOSTO,SEGUNDA-FEIRA,12,1
47875746,fe92248729c44f448481c5780127e6d1,22/10/2020,OUTUBRO,QUINTA-FEIRA,18,1
130938159,ce4b57d989544c38bdd8ec08aa01fe6c,29/07/2020,JULHO,QUARTA-FEIRA,16,0
47961490,9f9adfcb0d5541de96cec459c3a4735c,29/10/2020,OUTUBRO,QUINTA-FEIRA,08,1
47940760,9febe9e0b61545898d8cc0009c541653,27/10/2020,OUTUBRO,TERCA-FEIRA,21,1
137203567,0688dba18bbc4e9ab8cbf2c92703659b,27/10/2020,OUTUBRO,TERCA-FEIRA,11,1
44513806,2f3aa6f07bc74c2886139fea52c6b3d3,05/05/2020,MAIO,TERCA-FEIRA,21,1
134301001,84e4de8dda4f4909b0d7890554e6394b,28/09/2020,SETEMBRO,SEGUNDA-FEIRA,14,0
48723488,ad561cec2209456caec178153ec0df36,16/12/2020,DEZEMBRO,QUARTA-FEIRA,22,1
137839647,c6b1d8797c1a49c48ac459de9c41f90f,06/11/2020,NOVEMBRO,SEXTA-FEIRA,17,1
131737551,270a3d5a6141454b9326e73e207cb870,13/08/2020,AGOSTO,QUINTA-FEIRA,10,1
117721637,826e23c35be2453f91f4fcb2e718f3a0,10/02/2020,FEVEREIRO,SEGUNDA-FEIRA,14,0
124658501,9aa5025024934cf3abd809c6f812d48d,27/04/2020,ABRIL,SEGUNDA-FEIRA,14,0
130434379,9a02e3747f23406cb075c610bde7554e,21/07/2020,JULHO,TERCA-FEIRA,09,1
132346679,c8c6f83d84d3442cb13cff48938984f4,25/08/2020,AGOSTO,TERCA-FEIRA,13,0
137312289,60ed128f63d741e69ac55060fc5e95a2,29/10/2020,OUTUBRO,QUINTA-FEIRA,09,1
48580068,3435dafdbf794ba3be149ca97a07a160,06/12/2020,DEZEMBRO,DOMINGO,00,1
47862954,b4afd1996a7e499f8f87361f367c9aeb,22/10/2020,OUTUBRO,QUINTA-FEIRA,10,1
136465875,bc424f7062ca42df81c40bcc8205f48b,14/10/2020,OUTUBRO,QUARTA-FEIRA,09,0
127071255,776871c9b81b4998aa63a04b0311977a,27/05/2020,MAIO,QUARTA-FEIRA,16,0
138355701,939231f725a1408c9afec87aa7419f6f,16/11/2020,NOVEMBRO,SEGUNDA-FEIRA,14,0
136874915,4c5738ac72a54e18bcc356f8d5716853,21/10/2020,OUTUBRO,QUARTA-FEIRA,13,1
123832675,c4a2f69f8c2e40a29bca3d95ac3ba316,21/04/2020,ABRIL,TERCA-FEIRA,08,1
47122870,c09699189dd048089fd2816055d2c0e7,07/09/2020,SETEMBRO,SEGUNDA-FEIRA,16,1
134516669,076d5257903542219890276142913ff6,01/10/2020,OUTUBRO,QUINTA-FEIRA,13,0
121785631,15981485c0ea4780b8d28454f214b24d,03/04/2020,ABRIL,SEXTA-FEIRA,15,1
120654989,dd63273b339f4d22aecadacfdce6348e,25/03/2020,MARCO,QUARTA-FEIRA,10,0
139670129,e87d305b09c7405a8e5e121d820b693d,10/12/2020,DEZEMBRO,QUINTA-FEIRA,17,1
119658409,28569a7370d44b7fbe92134d90e9f330,11/03/2020,MARCO,QUARTA-FEIRA,09,0
45080410,0aa9e4852ad14d0384b7cde5d6dcdb6d,27/05/2020,MAIO,QUARTA-FEIRA,17,1
139699695,ede9a63bd6914d8c95fd7225a1d94756,11/12/2020,DEZEMBRO,SEXTA-FEIRA,11,0
131808285,f20c5b32c82a44e38b9b689d6d0fc38d,14/08/2020,AGOSTO,SEXTA-FEIRA,10,0
45076386,3c97e5fb8cc7445fa09cc0fa4231a320,27/05/2020,MAIO,QUARTA-FEIRA,15,1
134589345,4d87c231784044ec8cfa3289d72664cc,02/10/2020,OUTUBRO,SEXTA-FEIRA,11,1
46578518,d6d15f0a48b04683bd06c60526e9f0c1,01/08/2020,AGOSTO,SABADO,08,1
123422461,f3d5ceb1e8bf4088bd24d1c37a2bc257,15/04/2020,ABRIL,QUARTA-FEIRA,07,0
133481893,9f9adfcb0d5541de96cec459c3a4735c,14/09/2020,SETEMBRO,SEGUNDA-FEIRA,13,1
137945169,48b585eeaaa74f49b4999153be898901,09/11/2020,NOVEMBRO,SEGUNDA-FEIRA,13,0
44808212,bd456e061abc46069d1716a8ab5b5dbb,18/05/2020,MAIO,SEGUNDA-FEIRA,16,1
48106908,044b66daadb84aaf837dc5f3799571a4,09/11/2020,NOVEMBRO,SEGUNDA-FEIRA,13,1
139015445,776b3cb9d8144952bd4f4d20321b3745,27/11/2020,NOVEMBRO,SEXTA-FEIRA,16,0
45034660,6657241c0c5b4c48a049e86c34855bfc,25/05/2020,MAIO,SEGUNDA-FEIRA,00,1
130844531,cd8b1e4377334ed198a37780f49fa2fe,28/07/2020,JULHO,TERCA-FEIRA,13,0
136839735,40897170c9d547c583fbbf0492cc78df,21/10/2020,OUTUBRO,QUARTA-FEIRA,08,1
41886832,62e5244abf4345ac8a3b0a70caa59972,29/03/2020,MARCO,DOMINGO,11,1
140637663,0f5a23e366434e6381873d02f61d6da9,30/12/2020,DEZEMBRO,QUARTA-FEIRA,19,1
123833025,c4a2f69f8c2e40a29bca3d95ac3ba316,21/04/2020,ABRIL,TERCA-FEIRA,08,0
121711469,5ac87b2021e44cd99b2c7cf3b6da4b3b,03/04/2020,ABRIL,SEXTA-FEIRA,10,0
44443630,6844c3514dc54f04a47ef4f6a9f2e8ab,02/05/2020,MAIO,SABADO,17,1
139382869,e221691bb84649a08255fb12e5afbb3d,04/12/2020,DEZEMBRO,SEXTA-FEIRA,14,1
140542445,8f0cc5993b464fdca4aded12b34e4768,29/12/2020,DEZEMBRO,TERCA-FEIRA,15,1
120859793,dd63273b339f4d22aecadacfdce6348e,26/03/2020,MARCO,QUINTA-FEIRA,18,0
138427837,41ee1f1959324992b9792c09ebbe5194,17/11/2020,NOVEMBRO,TERCA-FEIRA,15,1
118271621,d82845a7378844aa80dc5a1232c3d32c,18/02/2020,FEVEREIRO,TERCA-FEIRA,13,0
140312135,3105dcda66b1459081309d62267b8ae5,23/12/2020,DEZEMBRO,QUARTA-FEIRA,13,0
46440764,5ce095386bc647a7b7c7734bb948ae79,17/07/2020,JULHO,SEXTA-FEIRA,15,1
137986493,5855a4da1dfd45febb31ea88ba1f74b3,10/11/2020,NOVEMBRO,TERCA-FEIRA,09,1
43483222,c4a2f69f8c2e40a29bca3d95ac3ba316,21/04/2020,ABRIL,TERCA-FEIRA,12,1
139075075,38841307eb5f4102b0ac6902e0d35fda,29/11/2020,NOVEMBRO,DOMINGO,14,0
48555828,f88d6e2134d44b7ea5bb95a6bad12790,03/12/2020,DEZEMBRO,QUINTA-FEIRA,15,1
48130028,2ef54dc0856947b3b4797cbaf5df43a7,10/11/2020,NOVEMBRO,TERCA-FEIRA,13,1
139485625,098903d9d01744d68b08297d97a424ad,07/12/2020,DEZEMBRO,SEGUNDA-FEIRA,15,1
140029465,cdb1d5e1f5834755bb09216666aa77e6,17/12/2020,DEZEMBRO,QUINTA-FEIRA,15,1
138919561,1da9f1498eb142398fb1c316d3529065,26/11/2020,NOVEMBRO,QUINTA-FEIRA,11,1
140317639,5ab4976fd0694663b84bef9f5a6f733c,23/12/2020,DEZEMBRO,QUARTA-FEIRA,14,1
46448100,c451eee1eba24c5ea4d9b3c4f79cff9a,20/07/2020,JULHO,SEGUNDA-FEIRA,02,1
140689927,cd8b1e4377334ed198a37780f49fa2fe,31/12/2020,DEZEMBRO,QUINTA-FEIRA,16,0
46982618,37aa99081e3e428dbd01f9ca4ae9ea4d,31/08/2020,AGOSTO,SEGUNDA-FEIRA,12,1
46638670,d6d15f0a48b04683bd06c60526e9f0c1,07/08/2020,AGOSTO,SEXTA-FEIRA,07,1
125539747,d1e8667df91c4daea6763620aaac80bf,06/05/2020,MAIO,QUARTA-FEIRA,10,1
41457148,342f6adede604e2d87d640288455a86c,06/03/2020,MARCO,SEXTA-FEIRA,13,1
46357012,d191d59c0d2048c3a2a9c667afd08344,11/07/2020,JULHO,SABADO,11,1
131333877,1c4dfc62745b430e8e5584632d6ed959,05/08/2020,AGOSTO,QUARTA-FEIRA,13,0
139837085,a6ef3c80341d4f52b5623813f4d20392,14/12/2020,DEZEMBRO,SEGUNDA-FEIRA,15,1
131560283,54adf6b114ae46f9a08e060756e26ed5,10/08/2020,AGOSTO,SEGUNDA-FEIRA,11,1
132032457,2b001b44991a419ca4ae440b3778f662,19/08/2020,AGOSTO,QUARTA-FEIRA,11,1
48829926,ed861844169d4945b4cc315aa09805f9,28/12/2020,DEZEMBRO,SEGUNDA-FEIRA,15,1
134873481,c4e39de3479642398364851216b113d5,08/10/2020,OUTUBRO,QUINTA-FEIRA,10,1
116169349,0a90e59d7cf74348848e06daf52f4f47,27/01/2020,JANEIRO,SEGUNDA-FEIRA,13,0
136909583,47024ee1460c489ba96d30515515ad65,22/10/2020,OUTUBRO,QUINTA-FEIRA,07,1
41795068,58b673cb07074f9e9fe710e6e0682d8b,25/03/2020,MARCO,QUARTA-FEIRA,12,1
118405593,e29dad34c6254fc3a2639ff50e9db456,20/02/2020,FEVEREIRO,QUINTA-FEIRA,09,1
139499469,3a78c487bea845b08dfbfe607c308367,07/12/2020,DEZEMBRO,SEGUNDA-FEIRA,17,1
122090225,cd8b1e4377334ed198a37780f49fa2fe,07/04/2020,ABRIL,TERCA-FEIRA,15,0
48349264,9377b984442247d1acd6db209bc5f0b0,16/11/2020,NOVEMBRO,SEGUNDA-FEIRA,21,1
131793661,3c97e5fb8cc7445fa09cc0fa4231a320,14/08/2020,AGOSTO,SEXTA-FEIRA,09,1
132940299,f0cb5e3c1cac4fc18313931faf2421f2,04/09/2020,SETEMBRO,SEXTA-FEIRA,10,1
48858634,f81decd94e654909b8a7d7c5cf4ca180,30/12/2020,DEZEMBRO,QUARTA-FEIRA,13,1
128719611,056d32ffaff0404abbf2d11981967360,24/06/2020,JUNHO,QUARTA-FEIRA,18,0
139876947,c4abac3d07954e3ba8e0bed46a093311,15/12/2020,DEZEMBRO,TERCA-FEIRA,10,1
46473640,90f974e257e049fba64be79d25b2bb41,21/07/2020,JULHO,TERCA-FEIRA,17,1
129527893,d51e057159c944a8aa70a03278d66b76,06/07/2020,JULHO,SEGUNDA-FEIRA,10,0
134409695,d6d15f0a48b04683bd06c60526e9f0c1,30/09/2020,SETEMBRO,QUARTA-FEIRA,09,0
138729435,872b80a3a87a43c78fee78ac7d1a12d6,23/11/2020,NOVEMBRO,SEGUNDA-FEIRA,11,1
132899377,342f6adede604e2d87d640288455a86c,03/09/2020,SETEMBRO,QUINTA-FEIRA,14,0
134883657,7f6e4953056043dc8b03890944b4cd43,08/10/2020,OUTUBRO,QUINTA-FEIRA,11,1
125533209,1df32508f76d421289d3288b4fa1961e,06/05/2020,MAIO,QUARTA-FEIRA,09,0
48076120,76e7529747ad4f03b60e2c1fb1ff6f59,06/11/2020,NOVEMBRO,SEXTA-FEIRA,12,1
131426151,9daa4e0d862b4184908e686de4fb7a16,06/08/2020,AGOSTO,QUINTA-FEIRA,16,0
140258047,d39b63fdcde9484fbefc29cd66cdf632,22/12/2020,DEZEMBRO,TERCA-FEIRA,14,1
131481901,c01cf162fd6b4c008d0a3b53acd462c8,07/08/2020,AGOSTO,SEXTA-FEIRA,15,0
139971383,c829a5e0c23147c9854ccf3f2043d7ea,16/12/2020,DEZEMBRO,QUARTA-FEIRA,15,0
47730650,c09699189dd048089fd2816055d2c0e7,14/10/2020,OUTUBRO,QUARTA-FEIRA,11,1
137294955,6acd263725574db98607762c5f800562,28/10/2020,OUTUBRO,QUARTA-FEIRA,16,1
48359928,10c98b9bc39f4766a59e1cd99aeb74ea,17/11/2020,NOVEMBRO,TERCA-FEIRA,15,1
123529401,4694534a1101482b927c45d08d44e4b0,16/04/2020,ABRIL,QUINTA-FEIRA,09,0
119705987,49699183fea34998bebab46ffcc23eae,11/03/2020,MARCO,QUARTA-FEIRA,16,1
40067250,342f6adede604e2d87d640288455a86c,29/01/2020,JANEIRO,QUARTA-FEIRA,11,1
134268143,b75365c1ed964c6f9cd5dc65ff435bfb,28/09/2020,SETEMBRO,SEGUNDA-FEIRA,10,0
48849010,b031e00ca6454509b2197223836db49d,29/12/2020,DEZEMBRO,TERCA-FEIRA,20,1
131926909,0f6d728e63f7480ca9e284689cd5c015,17/08/2020,AGOSTO,SEGUNDA-FEIRA,14,1
137200843,3435dafdbf794ba3be149ca97a07a160,27/10/2020,OUTUBRO,TERCA-FEIRA,11,1
41379858,39e67df38c0a4c49bdac00719e9bbb87,02/03/2020,MARCO,SEGUNDA-FEIRA,23,1
48091330,d6d15f0a48b04683bd06c60526e9f0c1,07/11/2020,NOVEMBRO,SABADO,08,1
45271374,d3ba89973f5c4778bbdc6a8e408715d5,05/06/2020,JUNHO,SEXTA-FEIRA,17,1
134551443,60ed128f63d741e69ac55060fc5e95a2,02/10/2020,OUTUBRO,SEXTA-FEIRA,08,0
122033297,e97f09003903453a81269cb1996d2ced,07/04/2020,ABRIL,TERCA-FEIRA,10,0
137190171,30b73979f70541d6857e2f86872adfed,27/10/2020,OUTUBRO,TERCA-FEIRA,09,0
132059309,40e217f44f1a412b83ee8ace2a508565,19/08/2020,AGOSTO,QUARTA-FEIRA,15,0
125393557,1df32508f76d421289d3288b4fa1961e,04/05/2020,MAIO,SEGUNDA-FEIRA,15,0
48377336,ab2708662e344342bb85610f173ef578,18/11/2020,NOVEMBRO,QUARTA-FEIRA,14,1
136473165,4694534a1101482b927c45d08d44e4b0,14/10/2020,OUTUBRO,QUARTA-FEIRA,10,1
119611917,342f6adede604e2d87d640288455a86c,10/03/2020,MARCO,TERCA-FEIRA,14,0
48803972,41ee1f1959324992b9792c09ebbe5194,23/12/2020,DEZEMBRO,QUARTA-FEIRA,21,1
133592471,802bab96638043039942bba20f7e03e0,16/09/2020,SETEMBRO,QUARTA-FEIRA,10,0
124855995,d6d15f0a48b04683bd06c60526e9f0c1,29/04/2020,ABRIL,QUARTA-FEIRA,16,0
44077822,0688dba18bbc4e9ab8cbf2c92703659b,28/04/2020,ABRIL,TERCA-FEIRA,16,1
138723823,564e19b1b2464066b728f755c92dd673,23/11/2020,NOVEMBRO,SEGUNDA-FEIRA,10,0
132176601,8f095357973f4033b46308c9213f9981,21/08/2020,AGOSTO,SEXTA-FEIRA,13,0
134054415,30b73979f70541d6857e2f86872adfed,23/09/2020,SETEMBRO,QUARTA-FEIRA,13,1
42059918,efdbd5af90434276b90480399db5c8a9,03/04/2020,ABRIL,SEXTA-FEIRA,19,1
140041057,8d9e4b58cbc44c3dbaa88df95b945998,17/12/2020,DEZEMBRO,QUINTA-FEIRA,17,1
48671036,224b304199ed4c35b74e09a367e4a38c,14/12/2020,DEZEMBRO,SEGUNDA-FEIRA,21,1
134567689,44823c22021244dcb746240dbde2e4a6,02/10/2020,OUTUBRO,SEXTA-FEIRA,10,1
133175059,4fb492d825ec43c29a7000ff56b5aee7,08/09/2020,SETEMBRO,TERCA-FEIRA,17,1
47805472,e82e922fff884644b082249aeb56557b,19/10/2020,OUTUBRO,SEGUNDA-FEIRA,12,1
118408955,55e1e1b31472430b95bfb225a4a6bb9c,20/02/2020,FEVEREIRO,QUINTA-FEIRA,10,1
118493059,f24852444d444a13852eead2d9b544ae,20/02/2020,FEVEREIRO,QUINTA-FEIRA,23,0
48723254,0a3647bea26b4402aef7e6c6dff3a6d4,16/12/2020,DEZEMBRO,QUARTA-FEIRA,21,1
138137649,5cfc56f9c1aa4583b5215e7bbcb88e8c,12/11/2020,NOVEMBRO,QUINTA-FEIRA,12,0
44454922,11903b943b524a65aa5631088f53668d,04/05/2020,MAIO,SEGUNDA-FEIRA,09,1
136931285,e83447ac68264e9bb0b4c16f2b25c571,22/10/2020,OUTUBRO,QUINTA-FEIRA,10,0
137696569,665bdef8b2c745189d81a77d3eacbf8a,04/11/2020,NOVEMBRO,QUARTA-FEIRA,14,1
117318059,e483bc7c34644bd8a693fc6671819d1b,06/02/2020,FEVEREIRO,QUINTA-FEIRA,16,0
129953845,f17793b51e3c4d86ae1b9387599f219c,13/07/2020,JULHO,SEGUNDA-FEIRA,09,1
48062524,5520da44689f44ee9f1de0f3e6f9f2b8,05/11/2020,NOVEMBRO,QUINTA-FEIRA,13,1
125646247,4af58c51a9874150922e795e04665cbf,07/05/2020,MAIO,QUINTA-FEIRA,12,0
133990223,3058cabb35f64e7592aaf19daf615fd6,22/09/2020,SETEMBRO,TERCA-FEIRA,12,1
118662555,15155fa725f048b3a4c6b3b10a7aa733,24/02/2020,FEVEREIRO,SEGUNDA-FEIRA,15,1
47076256,5ce61132269e47c9a50a948a8bb503f7,03/09/2020,SETEMBRO,QUINTA-FEIRA,18,1
131516387,cd8b1e4377334ed198a37780f49fa2fe,08/08/2020,AGOSTO,SABADO,23,0
139701947,1d5db3580f4f4c2b82ba40b4e9100f4d,11/12/2020,DEZEMBRO,SEXTA-FEIRA,11,1
123533755,e5db3c978eab4bbba0c9e7a09596d77f,16/04/2020,ABRIL,QUINTA-FEIRA,09,0
132840449,1462126536af4766a10721c2d28954cd,02/09/2020,SETEMBRO,QUARTA-FEIRA,15,0
43459398,5ab4976fd0694663b84bef9f5a6f733c,20/04/2020,ABRIL,SEGUNDA-FEIRA,14,1
120591443,49699183fea34998bebab46ffcc23eae,24/03/2020,MARCO,TERCA-FEIRA,15,0
138493681,4a7becbbd1854746bd95b7a65a90426c,18/11/2020,NOVEMBRO,QUARTA-FEIRA,14,1
43526150,5ab4976fd0694663b84bef9f5a6f733c,23/04/2020,ABRIL,QUINTA-FEIRA,13,1
46835244,2b001b44991a419ca4ae440b3778f662,25/08/2020,AGOSTO,TERCA-FEIRA,08,1
48159386,224b304199ed4c35b74e09a367e4a38c,11/11/2020,NOVEMBRO,QUARTA-FEIRA,23,1
138024401,c0bc694aba614b369ac1e0f5d9d854da,10/11/2020,NOVEMBRO,TERCA-FEIRA,16,1
139049409,983206a77e814bd390cf699f90da0125,28/11/2020,NOVEMBRO,SABADO,13,0
128554539,76e7529747ad4f03b60e2c1fb1ff6f59,23/06/2020,JUNHO,TERCA-FEIRA,07,0
46349560,5ce61132269e47c9a50a948a8bb503f7,10/07/2020,JULHO,SEXTA-FEIRA,17,1
45727280,7ad2ca11c66146888d0f48b802903f80,21/06/2020,JUNHO,DOMINGO,16,1
46528812,9f9adfcb0d5541de96cec459c3a4735c,28/07/2020,JULHO,TERCA-FEIRA,10,1
48183628,bd456e061abc46069d1716a8ab5b5dbb,13/11/2020,NOVEMBRO,SEXTA-FEIRA,10,1
139100693,b21ce0602d6648139ef9659f1ee6ce6f,30/11/2020,NOVEMBRO,SEGUNDA-FEIRA,10,1
119956503,6dc20e1bcf1843eb92265a760c0f1cfd,16/03/2020,MARCO,SEGUNDA-FEIRA,16,0
131042125,8d9e4b58cbc44c3dbaa88df95b945998,31/07/2020,JULHO,SEXTA-FEIRA,10,1
45076032,3c97e5fb8cc7445fa09cc0fa4231a320,27/05/2020,MAIO,QUARTA-FEIRA,15,1
134464725,342f6adede604e2d87d640288455a86c,30/09/2020,SETEMBRO,QUARTA-FEIRA,17,1
137556423,c01cf162fd6b4c008d0a3b53acd462c8,02/11/2020,NOVEMBRO,SEGUNDA-FEIRA,15,1
137636305,1c4dfc62745b430e8e5584632d6ed959,03/11/2020,NOVEMBRO,TERCA-FEIRA,16,1
133234889,4fb492d825ec43c29a7000ff56b5aee7,09/09/2020,SETEMBRO,QUARTA-FEIRA,13,1
132723181,40897170c9d547c583fbbf0492cc78df,01/09/2020,SETEMBRO,TERCA-FEIRA,08,1
119815303,78ceb86e84eb4f08825f5a057bf8f3c3,13/03/2020,MARCO,SEXTA-FEIRA,11,1
43384858,107c40186ad0458c974ea02e6681a665,16/04/2020,ABRIL,QUINTA-FEIRA,13,1
126076941,7443a9ce923f4ad894106deb9a856065,13/05/2020,MAIO,QUARTA-FEIRA,15,0
132324827,d8d08d7850134a1da0ca527e337b44b7,25/08/2020,AGOSTO,TERCA-FEIRA,09,1
48685654,b031e00ca6454509b2197223836db49d,15/12/2020,DEZEMBRO,TERCA-FEIRA,10,1
136536695,0da2b85fdd3f49acb5d1384cb3e768ae,15/10/2020,OUTUBRO,QUINTA-FEIRA,10,1
118858197,c01cf162fd6b4c008d0a3b53acd462c8,27/02/2020,FEVEREIRO,QUINTA-FEIRA,13,0
125474601,3d614904cd1541d79e80b00f525e80b3,05/05/2020,MAIO,TERCA-FEIRA,13,0
124997935,3d614904cd1541d79e80b00f525e80b3,01/05/2020,MAIO,SEXTA-FEIRA,14,0
41817828,73eaf2f4bab2436e9466d07571c68764,26/03/2020,MARCO,QUINTA-FEIRA,08,1
134886809,7f6e4953056043dc8b03890944b4cd43,08/10/2020,OUTUBRO,QUINTA-FEIRA,12,1
41137718,7ec2efdd4fe74f55830bbadf68fc3bff,17/02/2020,FEVEREIRO,SEGUNDA-FEIRA,14,1
44566568,6657241c0c5b4c48a049e86c34855bfc,07/05/2020,MAIO,QUINTA-FEIRA,10,1
127657855,c451eee1eba24c5ea4d9b3c4f79cff9a,05/06/2020,JUNHO,SEXTA-FEIRA,16,0
140252281,fa58aa8ff4b54c8fa1d278181f86e6ae,22/12/2020,DEZEMBRO,TERCA-FEIRA,13,1
46660888,9febe9e0b61545898d8cc0009c541653,10/08/2020,AGOSTO,SEGUNDA-FEIRA,14,1
46573928,0416967d360143d6b092f6e122f1b98a,31/07/2020,JULHO,SEXTA-FEIRA,14,1
130964291,3d614904cd1541d79e80b00f525e80b3,30/07/2020,JULHO,QUINTA-FEIRA,09,1
139316975,d498da926d36460a9ff22c6ffc51d15e,03/12/2020,DEZEMBRO,QUINTA-FEIRA,14,0
138158931,5ac87b2021e44cd99b2c7cf3b6da4b3b,12/11/2020,NOVEMBRO,QUINTA-FEIRA,16,0
125772373,4bfcd6b86bc04cf7bbaa1b8a81670787,08/05/2020,MAIO,SEXTA-FEIRA,16,1
139134849,3cd8bfedeca24f96a49d10387b20ba90,30/11/2020,NOVEMBRO,SEGUNDA-FEIRA,16,1
133342297,bc424f7062ca42df81c40bcc8205f48b,11/09/2020,SETEMBRO,SEXTA-FEIRA,09,0
125690319,f3d5ceb1e8bf4088bd24d1c37a2bc257,08/05/2020,MAIO,SEXTA-FEIRA,07,0
131839189,776b3cb9d8144952bd4f4d20321b3745,14/08/2020,AGOSTO,SEXTA-FEIRA,15,0
120596687,212b0363974e4b768655eb46e6183166,24/03/2020,MARCO,TERCA-FEIRA,15,1
123941941,44823c22021244dcb746240dbde2e4a6,22/04/2020,ABRIL,QUARTA-FEIRA,13,1
139197965,49699183fea34998bebab46ffcc23eae,02/12/2020,DEZEMBRO,QUARTA-FEIRA,10,1
134331599,fe92248729c44f448481c5780127e6d1,29/09/2020,SETEMBRO,TERCA-FEIRA,08,1
139827499,6cc9207bb02448e2b3cce1c80ee6bfeb,14/12/2020,DEZEMBRO,SEGUNDA-FEIRA,14,0
134212857,d6d15f0a48b04683bd06c60526e9f0c1,25/09/2020,SETEMBRO,SEXTA-FEIRA,15,1
48527486,f44488221cb942b2a82dcf745ef411c8,01/12/2020,DEZEMBRO,TERCA-FEIRA,14,1
130450233,24c213a821eb434ca5854c3d942690ca,21/07/2020,JULHO,TERCA-FEIRA,11,1
138085735,6de2b616ee124331b828d516ee54164d,11/11/2020,NOVEMBRO,QUARTA-FEIRA,14,1
123652619,070b9c0cc22d45e8aaf0790d05049999,17/04/2020,ABRIL,SEXTA-FEIRA,13,1
140469787,ed861844169d4945b4cc315aa09805f9,28/12/2020,DEZEMBRO,SEGUNDA-FEIRA,15,1
139901059,7d72d804e05f47de8b03356bb6da8380,15/12/2020,DEZEMBRO,TERCA-FEIRA,15,1
132032151,2b001b44991a419ca4ae440b3778f662,19/08/2020,AGOSTO,QUARTA-FEIRA,11,1
126846747,d8d08d7850134a1da0ca527e337b44b7,25/05/2020,MAIO,SEGUNDA-FEIRA,08,0
121486693,849a03c7c3294c20a5cbda23e071f113,01/04/2020,ABRIL,QUARTA-FEIRA,14,0
47495454,9febe9e0b61545898d8cc0009c541653,27/09/2020,SETEMBRO,DOMINGO,11,1
137672453,951582be2c1a4394abd5908329388bf8,04/11/2020,NOVEMBRO,QUARTA-FEIRA,11,1
137679043,1dd87509471740cfa16008cfbf9af707,04/11/2020,NOVEMBRO,QUARTA-FEIRA,12,1
48433202,6efb2603b2df44dba9e15e2f5e3c94de,23/11/2020,NOVEMBRO,SEGUNDA-FEIRA,14,1
48452954,1c4dfc62745b430e8e5584632d6ed959,24/11/2020,NOVEMBRO,TERCA-FEIRA,22,1
118426035,342f6adede604e2d87d640288455a86c,20/02/2020,FEVEREIRO,QUINTA-FEIRA,12,1
138843617,8afdd9016535426fb83249035d5d0c2f,25/11/2020,NOVEMBRO,QUARTA-FEIRA,10,0
121796069,6fe1f9dd46054decbc6dfa84dfa5f5c8,03/04/2020,ABRIL,SEXTA-FEIRA,16,0
118153783,d3ba89973f5c4778bbdc6a8e408715d5,17/02/2020,FEVEREIRO,SEGUNDA-FEIRA,09,1
132909537,0f6d728e63f7480ca9e284689cd5c015,03/09/2020,SETEMBRO,QUINTA-FEIRA,15,1
127169667,67eb8d7841c043cfbc0895ea36b9fa17,29/05/2020,MAIO,SEXTA-FEIRA,08,0
127582419,0688dba18bbc4e9ab8cbf2c92703659b,04/06/2020,JUNHO,QUINTA-FEIRA,15,1
126014183,212b0363974e4b768655eb46e6183166,12/05/2020,MAIO,TERCA-FEIRA,16,1
131795465,776b3cb9d8144952bd4f4d20321b3745,14/08/2020,AGOSTO,SEXTA-FEIRA,08,0
134528553,076d5257903542219890276142913ff6,01/10/2020,OUTUBRO,QUINTA-FEIRA,15,1
140441457,1ce77314b6fe4781821fc389f9033e1d,28/12/2020,DEZEMBRO,SEGUNDA-FEIRA,12,1
48167212,3ce7e7e0adcd40d3a869259d87e19637,12/11/2020,NOVEMBRO,QUINTA-FEIRA,11,1
136804281,81e29e7d12ef45288419b8a3b25cb337,20/10/2020,OUTUBRO,TERCA-FEIRA,15,0
117071603,a4849b1984294b6c99b11aba3157d3aa,05/02/2020,FEVEREIRO,QUARTA-FEIRA,11,1
120662651,95b00d20994a4ca9ab776610edc52d78,25/03/2020,MARCO,QUARTA-FEIRA,10,1
130354021,ad02d20c1cf640b0b37e8c748bb338c1,20/07/2020,JULHO,SEGUNDA-FEIRA,09,0
130105525,2b001b44991a419ca4ae440b3778f662,15/07/2020,JULHO,QUARTA-FEIRA,09,1
119700317,5f7409bcaafb455fa9d9a6f4e3101861,11/03/2020,MARCO,QUARTA-FEIRA,16,1
126061331,776871c9b81b4998aa63a04b0311977a,13/05/2020,MAIO,QUARTA-FEIRA,12,1
139600395,36f046bba88d46ae9f67e46c60323066,09/12/2020,DEZEMBRO,QUARTA-FEIRA,16,1
46483264,3435dafdbf794ba3be149ca97a07a160,22/07/2020,JULHO,QUARTA-FEIRA,13,1
128011685,212b0363974e4b768655eb46e6183166,14/06/2020,JUNHO,DOMINGO,16,0
47488984,d6d15f0a48b04683bd06c60526e9f0c1,26/09/2020,SETEMBRO,SABADO,08,1
133739849,cd882ee169574da19346654480c43ea3,18/09/2020,SETEMBRO,SEXTA-FEIRA,14,1
128623369,7ad2ca11c66146888d0f48b802903f80,23/06/2020,JUNHO,TERCA-FEIRA,16,0
48502884,b9d8ea8021654c30a01f5bd266ac8eb0,28/11/2020,NOVEMBRO,SABADO,19,1
140584423,cb56f1d702c742b6b41ed2f2c28183e0,30/12/2020,DEZEMBRO,QUARTA-FEIRA,11,0
47850540,342f6adede604e2d87d640288455a86c,21/10/2020,OUTUBRO,QUARTA-FEIRA,00,1
129400385,c451eee1eba24c5ea4d9b3c4f79cff9a,03/07/2020,JULHO,SEXTA-FEIRA,09,0
129951519,f17793b51e3c4d86ae1b9387599f219c,13/07/2020,JULHO,SEGUNDA-FEIRA,09,0
44094126,24ea23283533434bb6055b1e9117dde4,29/04/2020,ABRIL,QUARTA-FEIRA,09,1
136495779,3431ced3923c47f48feee79266a113f8,14/10/2020,OUTUBRO,QUARTA-FEIRA,13,0
48635554,c0b1595c6a1e4f8d9a425b9dc900b102,11/12/2020,DEZEMBRO,SEXTA-FEIRA,12,1
140409481,503b2b08ca794b14994c1f16db9235b3,27/12/2020,DEZEMBRO,DOMINGO,16,0
47480402,d6d15f0a48b04683bd06c60526e9f0c1,25/09/2020,SETEMBRO,SEXTA-FEIRA,11,1
48687468,ca761e31c69b49e8a302a5db04ab9e1a,15/12/2020,DEZEMBRO,TERCA-FEIRA,10,1
48638570,6cc9207bb02448e2b3cce1c80ee6bfeb,11/12/2020,DEZEMBRO,SEXTA-FEIRA,17,1
43401856,d8d08d7850134a1da0ca527e337b44b7,17/04/2020,ABRIL,SEXTA-FEIRA,10,1
133293521,78ceb86e84eb4f08825f5a057bf8f3c3,10/09/2020,SETEMBRO,QUINTA-FEIRA,12,0
119311575,5c440e33b90b4705bb852da8e59844c5,04/03/2020,MARCO,QUARTA-FEIRA,18,0
139238175,c01cf162fd6b4c008d0a3b53acd462c8,02/12/2020,DEZEMBRO,QUARTA-FEIRA,14,0
116410115,73eaf2f4bab2436e9466d07571c68764,29/01/2020,JANEIRO,QUARTA-FEIRA,15,1
48640132,12dfb513ccd84fdb973c48f224e9baf7,11/12/2020,DEZEMBRO,SEXTA-FEIRA,19,1
137024157,e5fb508caefb416d9a3c8c5c76d0d8e0,23/10/2020,OUTUBRO,SEXTA-FEIRA,12,1
47660370,d6d15f0a48b04683bd06c60526e9f0c1,08/10/2020,OUTUBRO,QUINTA-FEIRA,18,1
139494039,e0c29d0052bf4d61aa247f44c240712a,07/12/2020,DEZEMBRO,SEGUNDA-FEIRA,15,1
48140618,73eaf2f4bab2436e9466d07571c68764,11/11/2020,NOVEMBRO,QUARTA-FEIRA,08,1
134313869,d6d15f0a48b04683bd06c60526e9f0c1,28/09/2020,SETEMBRO,SEGUNDA-FEIRA,16,0
138815469,7c3730a3917a4794a57c56361d1d6e68,24/11/2020,NOVEMBRO,TERCA-FEIRA,15,1
140426497,212b0363974e4b768655eb46e6183166,28/12/2020,DEZEMBRO,SEGUNDA-FEIRA,10,1
134835159,eab8fbcc286f4561aa6f74301c16572c,07/10/2020,OUTUBRO,QUARTA-FEIRA,15,0
139014231,97318e89db594647a86f6404daa7f67f,27/11/2020,NOVEMBRO,SEXTA-FEIRA,15,1
133662769,1c4dfc62745b430e8e5584632d6ed959,17/09/2020,SETEMBRO,QUINTA-FEIRA,11,1
117164275,5187929d08a6478c8fccaf4eaeea9cce,05/02/2020,FEVEREIRO,QUARTA-FEIRA,17,1
130864133,4694534a1101482b927c45d08d44e4b0,28/07/2020,JULHO,TERCA-FEIRA,16,1
125514967,c831f4635aed47dc91d5d3808b7e6b89,05/05/2020,MAIO,TERCA-FEIRA,22,0
47549978,646644bb258e4d2384684ae5ffeee7f0,01/10/2020,OUTUBRO,QUINTA-FEIRA,09,1
139363971,4af58c51a9874150922e795e04665cbf,04/12/2020,DEZEMBRO,SEXTA-FEIRA,12,0
48707004,36e50d4331c844bb9ddedde726b7cafc,16/12/2020,DEZEMBRO,QUARTA-FEIRA,11,1
118043217,f04b82907d58474dac86d748087fbd95,14/02/2020,FEVEREIRO,SEXTA-FEIRA,10,0
134528607,107c40186ad0458c974ea02e6681a665,01/10/2020,OUTUBRO,QUINTA-FEIRA,15,1
47988348,ef1288f082d14ce39995ba0e62a9ff5d,30/10/2020,OUTUBRO,SEXTA-FEIRA,17,1
46748790,7ad2ca11c66146888d0f48b802903f80,18/08/2020,AGOSTO,TERCA-FEIRA,11,1
125767283,d8d08d7850134a1da0ca527e337b44b7,08/05/2020,MAIO,SEXTA-FEIRA,15,1
127453797,d8d08d7850134a1da0ca527e337b44b7,03/06/2020,JUNHO,QUARTA-FEIRA,08,1
119623059,8f095357973f4033b46308c9213f9981,10/03/2020,MARCO,TERCA-FEIRA,15,1
116645561,54adf6b114ae46f9a08e060756e26ed5,31/01/2020,JANEIRO,SEXTA-FEIRA,17,1
132251173,e4613043efdd4a36b3b8f6c125ddf393,24/08/2020,AGOSTO,SEGUNDA-FEIRA,08,0
134663443,55a1d16768cb4782af2e0095c5420528,04/10/2020,OUTUBRO,DOMINGO,11,0
47407208,342f6adede604e2d87d640288455a86c,24/09/2020,SETEMBRO,QUINTA-FEIRA,10,1
140240791,c01cf162fd6b4c008d0a3b53acd462c8,22/12/2020,DEZEMBRO,TERCA-FEIRA,11,1
125508789,60ed128f63d741e69ac55060fc5e95a2,05/05/2020,MAIO,TERCA-FEIRA,19,0
139695093,62ad174a8ca04596b04eae076ea04c4a,11/12/2020,DEZEMBRO,SEXTA-FEIRA,10,0
140635203,0721c3a573b8414d9b0518b7660d7de2,30/12/2020,DEZEMBRO,QUARTA-FEIRA,19,0
138912971,c1dd4897029f4d689d8bf29190c87169,26/11/2020,NOVEMBRO,QUINTA-FEIRA,10,0
139480173,67e4409e643142b5a107ec0ea58fe4f0,07/12/2020,DEZEMBRO,SEGUNDA-FEIRA,13,1
138420783,da8292d01453467da4477a5b6cc2433a,17/11/2020,NOVEMBRO,TERCA-FEIRA,15,1
134527859,9e6132b59807445f93836150d6c89b55,01/10/2020,OUTUBRO,QUINTA-FEIRA,15,0
140428899,15155fa725f048b3a4c6b3b10a7aa733,28/12/2020,DEZEMBRO,SEGUNDA-FEIRA,10,1
139963215,f20c5b32c82a44e38b9b689d6d0fc38d,16/12/2020,DEZEMBRO,QUARTA-FEIRA,14,1
48032422,c0b250b2e4f64bda9a64530a7b73cf88,03/11/2020,NOVEMBRO,TERCA-FEIRA,15,1
132289305,191148ff29c64629b1edf90bfb721256,24/08/2020,AGOSTO,SEGUNDA-FEIRA,14,1
48529646,39e67df38c0a4c49bdac00719e9bbb87,01/12/2020,DEZEMBRO,TERCA-FEIRA,21,1
47180712,fe92248729c44f448481c5780127e6d1,10/09/2020,SETEMBRO,QUINTA-FEIRA,12,1
44802952,4858668d70e64543bc5c183b6217753b,18/05/2020,MAIO,SEGUNDA-FEIRA,13,1
133183717,226f632dd8754fc6b99594cc6b1fcb0a,08/09/2020,SETEMBRO,TERCA-FEIRA,20,1
134175213,1b3b2218717348a785bf216d742476ee,25/09/2020,SETEMBRO,SEXTA-FEIRA,09,1
140276327,db072be214bd469f8a2edaa1ba609f77,22/12/2020,DEZEMBRO,TERCA-FEIRA,18,0
47884322,bc89f3433917445694cf64b29d8d90d6,23/10/2020,OUTUBRO,SEXTA-FEIRA,13,1
46143450,e82e922fff884644b082249aeb56557b,02/07/2020,JULHO,QUINTA-FEIRA,22,1
130716129,a54cc9d35a0c48d7b0bdf61061c3c9de,26/07/2020,JULHO,DOMINGO,13,0
121033633,39e44c0942824f99bfa6de1108598f79,29/03/2020,MARCO,DOMINGO,10,0
126013513,256fbb9a30f74256ae6808e95a1b1501,12/05/2020,MAIO,TERCA-FEIRA,16,1
119264951,2ae532f9b03944229f9eeaf61f0a89c9,04/03/2020,MARCO,QUARTA-FEIRA,11,0
133419965,8a25ba18b77d494f818a73b89d8f841a,12/09/2020,SETEMBRO,SABADO,16,1
136566373,f6b26c13052848deab0df6300cc768b4,15/10/2020,OUTUBRO,QUINTA-FEIRA,14,0
133717741,4fb492d825ec43c29a7000ff56b5aee7,18/09/2020,SETEMBRO,SEXTA-FEIRA,10,1
138464681,7de14ae85f154ae99d50907d93cb5cf7,18/11/2020,NOVEMBRO,QUARTA-FEIRA,09,1
139484583,5ebbfcd195c7405f8c68a27f3b673990,07/12/2020,DEZEMBRO,SEGUNDA-FEIRA,14,0
138778665,28ae4715125e4e14a818ad5b2f3b5e81,24/11/2020,NOVEMBRO,TERCA-FEIRA,09,1
133627207,dd63273b339f4d22aecadacfdce6348e,16/09/2020,SETEMBRO,QUARTA-FEIRA,15,0
46446914,ad02d20c1cf640b0b37e8c748bb338c1,18/07/2020,JULHO,SABADO,18,1
119776049,f04b82907d58474dac86d748087fbd95,12/03/2020,MARCO,QUINTA-FEIRA,16,1
41626362,c7b313fae6e94c54814e8b4afe6de275,17/03/2020,MARCO,TERCA-FEIRA,22,1
121229203,ac8fa2a948c14e1b88e038737165ad82,31/03/2020,MARCO,TERCA-FEIRA,09,0
47851834,9febe9e0b61545898d8cc0009c541653,21/10/2020,OUTUBRO,QUARTA-FEIRA,20,1
132673795,37aa99081e3e428dbd01f9ca4ae9ea4d,31/08/2020,AGOSTO,SEGUNDA-FEIRA,12,0
139497361,600731e7d8b745ccb60f90e1b40b24c0,07/12/2020,DEZEMBRO,SEGUNDA-FEIRA,16,1
136696013,87adca903e4143edb420f433427bd636,19/10/2020,OUTUBRO,SEGUNDA-FEIRA,09,0
40042506,73cfb0eb9a4d4d59a181feaedc4a52a3,28/01/2020,JANEIRO,TERCA-FEIRA,10,1
134261663,d6d15f0a48b04683bd06c60526e9f0c1,28/09/2020,SETEMBRO,SEGUNDA-FEIRA,09,1
140250869,9aa5025024934cf3abd809c6f812d48d,22/12/2020,DEZEMBRO,TERCA-FEIRA,13,1
132549719,e6c40aafba4b49cb9fb51ae8b1035501,28/08/2020,AGOSTO,SEXTA-FEIRA,11,0
41495710,342f6adede604e2d87d640288455a86c,10/03/2020,MARCO,TERCA-FEIRA,21,1
138373969,c1dd4897029f4d689d8bf29190c87169,16/11/2020,NOVEMBRO,SEGUNDA-FEIRA,18,0
46366146,1bae60da83e842f6b19997e4800ddccb,12/07/2020,JULHO,DOMINGO,21,1
133933745,2afcdbd220c940388219220e35a436c7,21/09/2020,SETEMBRO,SEGUNDA-FEIRA,13,1
48767292,ad02d20c1cf640b0b37e8c748bb338c1,21/12/2020,DEZEMBRO,SEGUNDA-FEIRA,08,1
46750326,c162de451248401b94dc17e4d5bdc0df,18/08/2020,AGOSTO,TERCA-FEIRA,13,1
47898710,58f19d9ca083478c98a715287b2e356c,24/10/2020,OUTUBRO,SABADO,18,1
138171091,6de2b616ee124331b828d516ee54164d,12/11/2020,NOVEMBRO,QUINTA-FEIRA,17,1
137268005,6acbd140cb63435fb203607188a3b2f3,28/10/2020,OUTUBRO,QUARTA-FEIRA,12,0
138021981,c4abac3d07954e3ba8e0bed46a093311,10/11/2020,NOVEMBRO,TERCA-FEIRA,15,1
118146529,282cc01b932642c9b78d20640d381ff2,17/02/2020,FEVEREIRO,SEGUNDA-FEIRA,09,0
137412511,c8783e832e9644d8b02fb20bfb298b38,30/10/2020,OUTUBRO,SEXTA-FEIRA,13,1
134753009,d02b3f88a772486385642416b78714cc,06/10/2020,OUTUBRO,TERCA-FEIRA,14,0
125493777,2ded7fb0f23f4908b937518240fdacbd,05/05/2020,MAIO,TERCA-FEIRA,15,0
47229012,53b1ea7e1b67444f9ea948bc96d256cb,13/09/2020,SETEMBRO,DOMINGO,21,1
133911695,1cbe711dfeda4a2ab27eac8787922c31,21/09/2020,SETEMBRO,SEGUNDA-FEIRA,10,0
139855009,342f6adede604e2d87d640288455a86c,14/12/2020,DEZEMBRO,SEGUNDA-FEIRA,19,1
117672209,826e23c35be2453f91f4fcb2e718f3a0,10/02/2020,FEVEREIRO,SEGUNDA-FEIRA,11,0
43384844,107c40186ad0458c974ea02e6681a665,16/04/2020,ABRIL,QUINTA-FEIRA,13,1
48193548,4a9bc415623e4c379f9373719d13335a,13/11/2020,NOVEMBRO,SEXTA-FEIRA,16,1
137396821,d8d08d7850134a1da0ca527e337b44b7,30/10/2020,OUTUBRO,SEXTA-FEIRA,10,0
132723777,30bf9710234b48c795dbb42469c05fa9,01/09/2020,SETEMBRO,TERCA-FEIRA,08,0
130891959,0a90e59d7cf74348848e06daf52f4f47,29/07/2020,JULHO,QUARTA-FEIRA,10,0
47532286,730c63080e0e4473a8807c5d1363165b,29/09/2020,SETEMBRO,TERCA-FEIRA,23,1
41821866,191148ff29c64629b1edf90bfb721256,26/03/2020,MARCO,QUINTA-FEIRA,10,1
137505183,a8325b2a457148af8c5e3d9f6664b783,01/11/2020,NOVEMBRO,DOMINGO,19,1
41388288,6cc58a2625d84165a69aca9f349cb97b,03/03/2020,MARCO,TERCA-FEIRA,09,1
41154508,f62d4c259e9e4cff887b4a851f4c1c58,18/02/2020,FEVEREIRO,TERCA-FEIRA,14,1
137315701,6acbd140cb63435fb203607188a3b2f3,29/10/2020,OUTUBRO,QUINTA-FEIRA,09,0
121118457,4d37973b9cc44d4cace26e4a73ccca73,30/03/2020,MARCO,SEGUNDA-FEIRA,12,1
48075882,44e9d0d6994c4dcfbb8d6a5f21e81aee,06/11/2020,NOVEMBRO,SEXTA-FEIRA,11,1
46591872,776871c9b81b4998aa63a04b0311977a,03/08/2020,AGOSTO,SEGUNDA-FEIRA,14,1
119133283,1fc2057fc26043e6870d4e791d87ed09,02/03/2020,MARCO,SEGUNDA-FEIRA,17,1
46988262,5ce61132269e47c9a50a948a8bb503f7,31/08/2020,AGOSTO,SEGUNDA-FEIRA,15,1
129254939,0bbd6cca66e949779a709ec0bb186c67,01/07/2020,JULHO,QUARTA-FEIRA,10,0
46670592,fcd9fe7b1534450793296fb15e96161b,11/08/2020,AGOSTO,TERCA-FEIRA,10,1
127466699,776871c9b81b4998aa63a04b0311977a,03/06/2020,JUNHO,QUARTA-FEIRA,10,1
137679873,44823c22021244dcb746240dbde2e4a6,04/11/2020,NOVEMBRO,QUARTA-FEIRA,12,1
137010733,30b73979f70541d6857e2f86872adfed,23/10/2020,OUTUBRO,SEXTA-FEIRA,11,1
48016964,f62d4c259e9e4cff887b4a851f4c1c58,02/11/2020,NOVEMBRO,SEGUNDA-FEIRA,20,1
125700965,d8d08d7850134a1da0ca527e337b44b7,08/05/2020,MAIO,SEXTA-FEIRA,08,1
132909861,b376532354a941bd84d1ae4bc765d0b3,03/09/2020,SETEMBRO,QUINTA-FEIRA,15,0
140261999,71815fb3e8cf4cb5ae1348afdf9151f0,22/12/2020,DEZEMBRO,TERCA-FEIRA,15,1
137321043,478f1d1946054e38a66fb3da38ef755e,29/10/2020,OUTUBRO,QUINTA-FEIRA,10,1
123950741,aece8b84c55a466c8ce1dcc30747291c,22/04/2020,ABRIL,QUARTA-FEIRA,14,1
48029528,3431ced3923c47f48feee79266a113f8,03/11/2020,NOVEMBRO,TERCA-FEIRA,12,1
47829092,12e3286f48c843eea465347244274317,20/10/2020,OUTUBRO,TERCA-FEIRA,17,1
126911069,665bdef8b2c745189d81a77d3eacbf8a,25/05/2020,MAIO,SEGUNDA-FEIRA,15,1
46330864,983206a77e814bd390cf699f90da0125,09/07/2020,JULHO,QUINTA-FEIRA,21,1
119384343,342f6adede604e2d87d640288455a86c,05/03/2020,MARCO,QUINTA-FEIRA,18,1
41807140,5ac87b2021e44cd99b2c7cf3b6da4b3b,25/03/2020,MARCO,QUARTA-FEIRA,17,1
134848231,500b9bf864ff46f99ec630543c7c0bb9,07/10/2020,OUTUBRO,QUARTA-FEIRA,18,0
138408647,50032aad4013433fb4406440a59efc98,17/11/2020,NOVEMBRO,TERCA-FEIRA,13,1
128115709,0688dba18bbc4e9ab8cbf2c92703659b,16/06/2020,JUNHO,TERCA-FEIRA,09,1
138798215,fbb3239246734a198492e61048bac1f5,24/11/2020,NOVEMBRO,TERCA-FEIRA,12,0
41263608,d82845a7378844aa80dc5a1232c3d32c,25/02/2020,FEVEREIRO,TERCA-FEIRA,12,1
122412859,fef1d086633e4e31a8d061d7cdfce6c9,09/04/2020,ABRIL,QUINTA-FEIRA,14,0
138775149,939231f725a1408c9afec87aa7419f6f,24/11/2020,NOVEMBRO,TERCA-FEIRA,09,1
137764775,a34292e443474c678501176be35bcac7,05/11/2020,NOVEMBRO,QUINTA-FEIRA,14,1
134386701,3d614904cd1541d79e80b00f525e80b3,29/09/2020,SETEMBRO,TERCA-FEIRA,17,0
48733378,49699183fea34998bebab46ffcc23eae,17/12/2020,DEZEMBRO,QUINTA-FEIRA,13,1
139291253,5c2d686d79474843bb41b51d4da5c7f5,03/12/2020,DEZEMBRO,QUINTA-FEIRA,10,1
46936372,d8e8d6d11315455299baa6c3a5b0da64,29/08/2020,AGOSTO,SABADO,20,1
48041482,b031e00ca6454509b2197223836db49d,04/11/2020,NOVEMBRO,QUARTA-FEIRA,07,1
134663905,55a1d16768cb4782af2e0095c5420528,04/10/2020,OUTUBRO,DOMINGO,11,0
44567678,6657241c0c5b4c48a049e86c34855bfc,07/05/2020,MAIO,QUINTA-FEIRA,10,1
132536857,270a3d5a6141454b9326e73e207cb870,28/08/2020,AGOSTO,SEXTA-FEIRA,09,1
47039418,40897170c9d547c583fbbf0492cc78df,02/09/2020,SETEMBRO,QUARTA-FEIRA,09,1
126468261,e82e922fff884644b082249aeb56557b,19/05/2020,MAIO,TERCA-FEIRA,12,1
131800921,478f1d1946054e38a66fb3da38ef755e,14/08/2020,AGOSTO,SEXTA-FEIRA,09,1
138003019,8b5fc62b3b9f4ec4a81b5bee67eb9ddb,10/11/2020,NOVEMBRO,TERCA-FEIRA,13,1
119752313,b41ceeb40da949169dce3e623c143f8f,12/03/2020,MARCO,QUINTA-FEIRA,12,1
137556823,38d33a3ce7c040349753cad4973fd7db,02/11/2020,NOVEMBRO,SEGUNDA-FEIRA,15,1
140316105,b6442741752444f29d01b3ed12371807,23/12/2020,DEZEMBRO,QUARTA-FEIRA,14,0
139739445,304acc1b8894498c82dd1092e7d86849,11/12/2020,DEZEMBRO,SEXTA-FEIRA,17,1
139814575,5dc41925bc48492baae549f174c2dd9b,14/12/2020,DEZEMBRO,SEGUNDA-FEIRA,11,0
123527263,4694534a1101482b927c45d08d44e4b0,16/04/2020,ABRIL,QUINTA-FEIRA,09,1
120021271,1b3b2218717348a785bf216d742476ee,17/03/2020,MARCO,TERCA-FEIRA,16,1
131836043,e6c40aafba4b49cb9fb51ae8b1035501,14/08/2020,AGOSTO,SEXTA-FEIRA,15,0
134496527,d6d15f0a48b04683bd06c60526e9f0c1,01/10/2020,OUTUBRO,QUINTA-FEIRA,10,0
129238093,76e7529747ad4f03b60e2c1fb1ff6f59,01/07/2020,JULHO,QUARTA-FEIRA,06,0
118735899,15155fa725f048b3a4c6b3b10a7aa733,26/02/2020,FEVEREIRO,QUARTA-FEIRA,09,1
116286777,776b3cb9d8144952bd4f4d20321b3745,28/01/2020,JANEIRO,TERCA-FEIRA,11,1
48379178,270a3d5a6141454b9326e73e207cb870,18/11/2020,NOVEMBRO,QUARTA-FEIRA,14,1
132278417,497b3d10c5c641bfafb3b235835df889,24/08/2020,AGOSTO,SEGUNDA-FEIRA,13,0
138791041,58f19d9ca083478c98a715287b2e356c,24/11/2020,NOVEMBRO,TERCA-FEIRA,11,0
46639382,d6d15f0a48b04683bd06c60526e9f0c1,07/08/2020,AGOSTO,SEXTA-FEIRA,07,1
128059423,35fda130b8e44ed0ad453322ef83cf15,15/06/2020,JUNHO,SEGUNDA-FEIRA,13,1
41775080,270043c950d640df8904ddd376a8c3de,24/03/2020,MARCO,TERCA-FEIRA,17,1
138032443,84488281173446e2bd5cf0aae4a9f4c0,10/11/2020,NOVEMBRO,TERCA-FEIRA,17,1
132937349,f0cb5e3c1cac4fc18313931faf2421f2,04/09/2020,SETEMBRO,SEXTA-FEIRA,09,1
130396505,be2f667e703045ce91883641e8c6c0fe,20/07/2020,JULHO,SEGUNDA-FEIRA,15,1
139870909,4694534a1101482b927c45d08d44e4b0,15/12/2020,DEZEMBRO,TERCA-FEIRA,09,1
119956453,6dc20e1bcf1843eb92265a760c0f1cfd,16/03/2020,MARCO,SEGUNDA-FEIRA,16,1
139184329,49699183fea34998bebab46ffcc23eae,01/12/2020,DEZEMBRO,TERCA-FEIRA,21,0
137670591,90d171e6e40e49fab2c8de1c89fb1ad1,04/11/2020,NOVEMBRO,QUARTA-FEIRA,10,0
122337225,056d32ffaff0404abbf2d11981967360,09/04/2020,ABRIL,QUINTA-FEIRA,02,0
140200979,56daf308a56a40f598c9a8f98342e0c8,21/12/2020,DEZEMBRO,SEGUNDA-FEIRA,14,0
132898699,0f6d728e63f7480ca9e284689cd5c015,03/09/2020,SETEMBRO,QUINTA-FEIRA,14,1
41884512,49699183fea34998bebab46ffcc23eae,28/03/2020,MARCO,SABADO,15,1
48114442,d191d59c0d2048c3a2a9c667afd08344,09/11/2020,NOVEMBRO,SEGUNDA-FEIRA,17,1
45569230,ff4fd642886f46469fc7b6c8ab745239,17/06/2020,JUNHO,QUARTA-FEIRA,11,1
139022267,47b2a3a385aa469d8488d01468c9bdf7,27/11/2020,NOVEMBRO,SEXTA-FEIRA,16,1
123679939,445e0660dab14cedbed673f297c78177,17/04/2020,ABRIL,SEXTA-FEIRA,16,1
126492735,b0665056a0884f1b888dddd75974544d,19/05/2020,MAIO,TERCA-FEIRA,15,0
121655259,6fe1f9dd46054decbc6dfa84dfa5f5c8,02/04/2020,ABRIL,QUINTA-FEIRA,16,0
118452677,94df02245f274e44971470a8554fe87d,20/02/2020,FEVEREIRO,QUINTA-FEIRA,15,1
134881819,4fb492d825ec43c29a7000ff56b5aee7,08/10/2020,OUTUBRO,QUINTA-FEIRA,10,1
48585738,69c6ca9c085943e0beeeb1f372795d5a,07/12/2020,DEZEMBRO,SEGUNDA-FEIRA,10,1
130504899,23723b5ae2b04710a45930c4fcb6458b,22/07/2020,JULHO,QUARTA-FEIRA,08,1
133050771,9dd041469b384707af584ef6721d7e15,07/09/2020,SETEMBRO,SEGUNDA-FEIRA,10,1
136548449,879f3cc7257748809e6782ed73176e17,15/10/2020,OUTUBRO,QUINTA-FEIRA,11,0
130410733,9aa5025024934cf3abd809c6f812d48d,20/07/2020,JULHO,SEGUNDA-FEIRA,16,1
122408037,6c4e77603cc248569d5a10c2c5ef9a28,09/04/2020,ABRIL,QUINTA-FEIRA,13,0
125566081,4af58c51a9874150922e795e04665cbf,06/05/2020,MAIO,QUARTA-FEIRA,13,0
133450987,53b1ea7e1b67444f9ea948bc96d256cb,14/09/2020,SETEMBRO,SEGUNDA-FEIRA,08,1
48504546,5ab4976fd0694663b84bef9f5a6f733c,29/11/2020,NOVEMBRO,DOMINGO,16,1
137280235,5f7409bcaafb455fa9d9a6f4e3101861,28/10/2020,OUTUBRO,QUARTA-FEIRA,14,1
45188918,270a3d5a6141454b9326e73e207cb870,02/06/2020,JUNHO,TERCA-FEIRA,11,1
41219792,256fbb9a30f74256ae6808e95a1b1501,21/02/2020,FEVEREIRO,SEXTA-FEIRA,12,1
140691257,6657241c0c5b4c48a049e86c34855bfc,31/12/2020,DEZEMBRO,QUINTA-FEIRA,16,1
41305912,24ea23283533434bb6055b1e9117dde4,27/02/2020,FEVEREIRO,QUINTA-FEIRA,15,1
48355152,3853af31e4c04c6889442c83ff443cd7,17/11/2020,NOVEMBRO,TERCA-FEIRA,13,1
48765990,e29dad34c6254fc3a2639ff50e9db456,21/12/2020,DEZEMBRO,SEGUNDA-FEIRA,10,1
139730789,b9d8ea8021654c30a01f5bd266ac8eb0,11/12/2020,DEZEMBRO,SEXTA-FEIRA,15,1
138561473,84e4de8dda4f4909b0d7890554e6394b,19/11/2020,NOVEMBRO,QUINTA-FEIRA,13,0
41300530,5dc4626baf9a467f95d9579c98d63524,27/02/2020,FEVEREIRO,QUINTA-FEIRA,09,1
136638499,2376dda8ce3e443298abb841278b16b5,16/10/2020,OUTUBRO,SEXTA-FEIRA,16,1
133648835,1c4dfc62745b430e8e5584632d6ed959,17/09/2020,SETEMBRO,QUINTA-FEIRA,09,0
127295141,ba380fbc86a647bfbd2cd7df7db2f0de,01/06/2020,JUNHO,SEGUNDA-FEIRA,10,0
139650403,67eb8d7841c043cfbc0895ea36b9fa17,10/12/2020,DEZEMBRO,QUINTA-FEIRA,14,0
48345880,05539d3dfc0d4b90857611b68b3d38c0,16/11/2020,NOVEMBRO,SEGUNDA-FEIRA,16,1
134366807,3d614904cd1541d79e80b00f525e80b3,29/09/2020,SETEMBRO,TERCA-FEIRA,13,1
48461522,e29dad34c6254fc3a2639ff50e9db456,25/11/2020,NOVEMBRO,QUARTA-FEIRA,13,1
134044037,59fc44b7a1f6493fbb957d92edc3a7f9,23/09/2020,SETEMBRO,QUARTA-FEIRA,11,1
48842036,4061b079b0bf4866bb0ac2ad6d4f2913,29/12/2020,DEZEMBRO,TERCA-FEIRA,13,1
133526097,90d171e6e40e49fab2c8de1c89fb1ad1,15/09/2020,SETEMBRO,TERCA-FEIRA,09,1
124781775,67eb8d7841c043cfbc0895ea36b9fa17,29/04/2020,ABRIL,QUARTA-FEIRA,07,0
41289222,d82845a7378844aa80dc5a1232c3d32c,26/02/2020,FEVEREIRO,QUARTA-FEIRA,19,1
46644828,5ce61132269e47c9a50a948a8bb503f7,07/08/2020,AGOSTO,SEXTA-FEIRA,16,1
124898895,1ca382fb705349feac5a7004d95cc658,30/04/2020,ABRIL,QUINTA-FEIRA,11,0
140521749,5c0159c5cdd54cbe9ee88e3d164c8514,29/12/2020,DEZEMBRO,TERCA-FEIRA,12,1
48709306,69c6ca9c085943e0beeeb1f372795d5a,16/12/2020,DEZEMBRO,QUARTA-FEIRA,10,1
45362284,50c93567854d4a70b1dba545dc825ba6,12/06/2020,JUNHO,SEXTA-FEIRA,11,1
137927959,67eb8d7841c043cfbc0895ea36b9fa17,09/11/2020,NOVEMBRO,SEGUNDA-FEIRA,11,0
48853878,c162de451248401b94dc17e4d5bdc0df,30/12/2020,DEZEMBRO,QUARTA-FEIRA,09,1
131193133,49699183fea34998bebab46ffcc23eae,03/08/2020,AGOSTO,SEGUNDA-FEIRA,13,1
119565711,cd8b1e4377334ed198a37780f49fa2fe,09/03/2020,MARCO,SEGUNDA-FEIRA,21,0
139706275,49699183fea34998bebab46ffcc23eae,11/12/2020,DEZEMBRO,SEXTA-FEIRA,12,0
44570598,c1ba7e770c554204ba48b8fef5d817b9,07/05/2020,MAIO,QUINTA-FEIRA,12,1
139337761,05fe7708bc4343d5975defb718d10796,03/12/2020,DEZEMBRO,QUINTA-FEIRA,11,1
118023827,e6f9e6378d0646feb5db04eb12623aba,13/02/2020,FEVEREIRO,QUINTA-FEIRA,18,0
140617843,11b63b235b93464fafeef3dac8a7cdad,30/12/2020,DEZEMBRO,QUARTA-FEIRA,15,1
42153428,8f6c18ab48844042a2f5bcb1124ca8af,07/04/2020,ABRIL,TERCA-FEIRA,19,1
139707291,bf48a499f69f4e7ebde26d4920a3c623,11/12/2020,DEZEMBRO,SEXTA-FEIRA,12,0
137693787,5b4349844f364243949803d18fe156ea,04/11/2020,NOVEMBRO,QUARTA-FEIRA,14,1
125890951,e87d305b09c7405a8e5e121d820b693d,11/05/2020,MAIO,SEGUNDA-FEIRA,11,1
123945347,7af144d5f2e64a598707726ebf853529,22/04/2020,ABRIL,QUARTA-FEIRA,13,0
44107796,fe92248729c44f448481c5780127e6d1,29/04/2020,ABRIL,QUARTA-FEIRA,16,1
132798197,d6d15f0a48b04683bd06c60526e9f0c1,02/09/2020,SETEMBRO,QUARTA-FEIRA,09,1
138888911,7fb527ecc6304365aeb126ca8f4cc88f,25/11/2020,NOVEMBRO,QUARTA-FEIRA,17,1
119627367,cd8b1e4377334ed198a37780f49fa2fe,10/03/2020,MARCO,TERCA-FEIRA,16,0
116127987,5abb7307f641435dacf0ebf1936d6667,27/01/2020,JANEIRO,SEGUNDA-FEIRA,09,0
131028021,76e7529747ad4f03b60e2c1fb1ff6f59,31/07/2020,JULHO,SEXTA-FEIRA,03,0
120792263,dd63273b339f4d22aecadacfdce6348e,26/03/2020,MARCO,QUINTA-FEIRA,11,0
137271555,67eb8d7841c043cfbc0895ea36b9fa17,28/10/2020,OUTUBRO,QUARTA-FEIRA,13,0
139655741,b0665056a0884f1b888dddd75974544d,10/12/2020,DEZEMBRO,QUINTA-FEIRA,14,0
137677165,bb65e7e8969e4d588eaa675e801f4e24,04/11/2020,NOVEMBRO,QUARTA-FEIRA,12,0
121014637,e87d305b09c7405a8e5e121d820b693d,28/03/2020,MARCO,SABADO,14,1
139631497,6849fe25a3224da4afc80248c6bcd5e9,10/12/2020,DEZEMBRO,QUINTA-FEIRA,11,0
123702909,6fe1f9dd46054decbc6dfa84dfa5f5c8,18/04/2020,ABRIL,SABADO,15,1
138894781,3435dafdbf794ba3be149ca97a07a160,25/11/2020,NOVEMBRO,QUARTA-FEIRA,17,1
134524203,826e23c35be2453f91f4fcb2e718f3a0,01/10/2020,OUTUBRO,QUINTA-FEIRA,14,0
136919307,49699183fea34998bebab46ffcc23eae,22/10/2020,OUTUBRO,QUINTA-FEIRA,08,1
132909145,342f6adede604e2d87d640288455a86c,03/09/2020,SETEMBRO,QUINTA-FEIRA,15,1
126829053,cd8b1e4377334ed198a37780f49fa2fe,24/05/2020,MAIO,DOMINGO,08,0
41098862,d3ed306efb4e4bd583eca8fc686c7b63,14/02/2020,FEVEREIRO,SEXTA-FEIRA,06,1
132317209,852c6ea0ecaa431baf7584c5eab24bfd,25/08/2020,AGOSTO,TERCA-FEIRA,08,1
138942167,bf4bff21864f48c6ae50a46e49992e93,26/11/2020,NOVEMBRO,QUINTA-FEIRA,15,1
121617491,4e559eab3e054ac6bc038522f5586b4d,02/04/2020,ABRIL,QUINTA-FEIRA,13,0
48823906,d1e8667df91c4daea6763620aaac80bf,28/12/2020,DEZEMBRO,SEGUNDA-FEIRA,10,1
139482875,0a5b114c9a06480f8b4b9336196f25c4,07/12/2020,DEZEMBRO,SEGUNDA-FEIRA,13,0
47559404,d70558c79b9d446f88aab1e18c4ec5b3,01/10/2020,OUTUBRO,QUINTA-FEIRA,14,1
48393620,a33736a206a04f0a945549b14909f118,19/11/2020,NOVEMBRO,QUINTA-FEIRA,13,1
134413043,d6d15f0a48b04683bd06c60526e9f0c1,30/09/2020,SETEMBRO,QUARTA-FEIRA,09,0
138782543,baefc2dc2f9b4b4c849d66873b620242,24/11/2020,NOVEMBRO,TERCA-FEIRA,10,1
131117867,d6d15f0a48b04683bd06c60526e9f0c1,01/08/2020,AGOSTO,SABADO,13,0
48460406,c2241cf1842c49c49880fa54736fee5e,25/11/2020,NOVEMBRO,QUARTA-FEIRA,13,1
46991064,5abb7307f641435dacf0ebf1936d6667,31/08/2020,AGOSTO,SEGUNDA-FEIRA,18,1
124033927,ce4b57d989544c38bdd8ec08aa01fe6c,23/04/2020,ABRIL,QUINTA-FEIRA,14,0
42152634,81e29e7d12ef45288419b8a3b25cb337,07/04/2020,ABRIL,TERCA-FEIRA,19,1
120196069,c7b313fae6e94c54814e8b4afe6de275,19/03/2020,MARCO,QUINTA-FEIRA,17,1
123641037,f17793b51e3c4d86ae1b9387599f219c,17/04/2020,ABRIL,SEXTA-FEIRA,11,1
134333991,d6d15f0a48b04683bd06c60526e9f0c1,29/09/2020,SETEMBRO,TERCA-FEIRA,08,1
123414089,59fc44b7a1f6493fbb957d92edc3a7f9,14/04/2020,ABRIL,TERCA-FEIRA,19,0
122246693,1462126536af4766a10721c2d28954cd,08/04/2020,ABRIL,QUARTA-FEIRA,13,0
140242349,7915cd367f2f4d74926c13cbb725a78b,22/12/2020,DEZEMBRO,TERCA-FEIRA,11,0
139087751,76e7529747ad4f03b60e2c1fb1ff6f59,30/11/2020,NOVEMBRO,SEGUNDA-FEIRA,08,0
133883047,00b65a70bcf94365bd3b5629cc084327,20/09/2020,SETEMBRO,DOMINGO,15,0
134063431,569c804b0cbf4f328d1130301dfdcf13,23/09/2020,SETEMBRO,QUARTA-FEIRA,15,0
137693885,5b4349844f364243949803d18fe156ea,04/11/2020,NOVEMBRO,QUARTA-FEIRA,14,1
41455828,28569a7370d44b7fbe92134d90e9f330,06/03/2020,MARCO,SEXTA-FEIRA,10,1
139911791,90d171e6e40e49fab2c8de1c89fb1ad1,15/12/2020,DEZEMBRO,TERCA-FEIRA,16,1
140684967,5f08b181325648e99f65112fa5ff90e5,31/12/2020,DEZEMBRO,QUINTA-FEIRA,15,1
132484301,64b2cf522c634d87ab3f317acb44caf1,27/08/2020,AGOSTO,QUINTA-FEIRA,12,1
117610435,38841307eb5f4102b0ac6902e0d35fda,09/02/2020,FEVEREIRO,DOMINGO,19,1
47791184,12e3286f48c843eea465347244274317,17/10/2020,OUTUBRO,SABADO,17,1
140331637,05255fbf3dbc4ac0932efc0295a3863b,23/12/2020,DEZEMBRO,QUARTA-FEIRA,16,1
47039440,ba528b3607f645a5867d9400c188f8aa,02/09/2020,SETEMBRO,QUARTA-FEIRA,08,1
132095091,342f6adede604e2d87d640288455a86c,20/08/2020,AGOSTO,QUINTA-FEIRA,10,1
139864535,bbb510bf67c04b0eb68d0ecc5df5d91e,14/12/2020,DEZEMBRO,SEGUNDA-FEIRA,17,0
123497475,4858668d70e64543bc5c183b6217753b,15/04/2020,ABRIL,QUARTA-FEIRA,16,1
41135864,342f6adede604e2d87d640288455a86c,17/02/2020,FEVEREIRO,SEGUNDA-FEIRA,10,1
128011713,212b0363974e4b768655eb46e6183166,14/06/2020,JUNHO,DOMINGO,16,1
138426651,107d82267a5c4899b97c3d97a975eb51,17/11/2020,NOVEMBRO,TERCA-FEIRA,16,1
48158122,5ac87b2021e44cd99b2c7cf3b6da4b3b,12/11/2020,NOVEMBRO,QUINTA-FEIRA,00,1
120021577,8f095357973f4033b46308c9213f9981,17/03/2020,MARCO,TERCA-FEIRA,16,0
122884147,5545de7562fd4c6596b727eb9a8fd26f,13/04/2020,ABRIL,SEGUNDA-FEIRA,13,0
48687470,ca761e31c69b49e8a302a5db04ab9e1a,15/12/2020,DEZEMBRO,TERCA-FEIRA,10,1
136756565,bc424f7062ca42df81c40bcc8205f48b,20/10/2020,OUTUBRO,TERCA-FEIRA,08,0
48037040,226f632dd8754fc6b99594cc6b1fcb0a,03/11/2020,NOVEMBRO,TERCA-FEIRA,20,1
139490455,e87d305b09c7405a8e5e121d820b693d,07/12/2020,DEZEMBRO,SEGUNDA-FEIRA,15,0
139398147,c4abac3d07954e3ba8e0bed46a093311,04/12/2020,DEZEMBRO,SEXTA-FEIRA,17,0
139459267,539e880c582c4c25a7dacc8c252ec90f,07/12/2020,DEZEMBRO,SEGUNDA-FEIRA,10,1
48423784,342f6adede604e2d87d640288455a86c,23/11/2020,NOVEMBRO,SEGUNDA-FEIRA,08,1
120601811,a8325b2a457148af8c5e3d9f6664b783,24/03/2020,MARCO,TERCA-FEIRA,15,0
48044536,5520da44689f44ee9f1de0f3e6f9f2b8,04/11/2020,NOVEMBRO,QUARTA-FEIRA,13,1
130962487,73cf73d79a604ff8846a12e65a39d90b,30/07/2020,JULHO,QUINTA-FEIRA,09,1
138398657,c2b5ff411fd74df3a81353691a92765e,17/11/2020,NOVEMBRO,TERCA-FEIRA,11,0
46449972,298d4041d01f46ee982316724d9911de,20/07/2020,JULHO,SEGUNDA-FEIRA,09,1
120178389,939231f725a1408c9afec87aa7419f6f,19/03/2020,MARCO,QUINTA-FEIRA,15,0
130528859,3435dafdbf794ba3be149ca97a07a160,22/07/2020,JULHO,QUARTA-FEIRA,12,1
134083353,3d614904cd1541d79e80b00f525e80b3,24/09/2020,SETEMBRO,QUINTA-FEIRA,08,1
119510413,24ea23283533434bb6055b1e9117dde4,09/03/2020,MARCO,SEGUNDA-FEIRA,12,1
138352465,750730082872454a8fbe6b74eac2f2c1,16/11/2020,NOVEMBRO,SEGUNDA-FEIRA,14,0
137698415,86bc0a74ac0847a9b66a15227a9a4a66,04/11/2020,NOVEMBRO,QUARTA-FEIRA,15,1
48867796,4e559eab3e054ac6bc038522f5586b4d,30/12/2020,DEZEMBRO,QUARTA-FEIRA,17,1
138095159,3ce7e7e0adcd40d3a869259d87e19637,11/11/2020,NOVEMBRO,QUARTA-FEIRA,16,0
125817239,6c4e77603cc248569d5a10c2c5ef9a28,10/05/2020,MAIO,DOMINGO,13,0
117820625,478f1d1946054e38a66fb3da38ef755e,11/02/2020,FEVEREIRO,TERCA-FEIRA,14,0
126383129,fa7e253f3ce347cea79b1ea04bd297b4,18/05/2020,MAIO,SEGUNDA-FEIRA,13,1
40573604,ff4fd642886f46469fc7b6c8ab745239,06/02/2020,FEVEREIRO,QUINTA-FEIRA,14,1
47507798,1c4dfc62745b430e8e5584632d6ed959,28/09/2020,SETEMBRO,SEGUNDA-FEIRA,14,1
47753154,879f3cc7257748809e6782ed73176e17,15/10/2020,OUTUBRO,QUINTA-FEIRA,12,1
129015933,6acbd140cb63435fb203607188a3b2f3,29/06/2020,JUNHO,SEGUNDA-FEIRA,11,1
47924054,b4afd1996a7e499f8f87361f367c9aeb,26/10/2020,OUTUBRO,SEGUNDA-FEIRA,21,1
47907480,83f4128814fe4de08596af89ccc584fb,25/10/2020,OUTUBRO,DOMINGO,12,1
47543960,abbafced7cde4634ade4de593e527f3e,30/09/2020,SETEMBRO,QUARTA-FEIRA,16,1
137026133,01085ad018d44065915af6d22467217b,23/10/2020,OUTUBRO,SEXTA-FEIRA,13,0
134056799,26707cdbc7834971bbd7489cfad78632,23/09/2020,SETEMBRO,QUARTA-FEIRA,13,0
136640727,e87d305b09c7405a8e5e121d820b693d,16/10/2020,OUTUBRO,SEXTA-FEIRA,16,1
139024165,4d37973b9cc44d4cace26e4a73ccca73,27/11/2020,NOVEMBRO,SEXTA-FEIRA,16,1
139499685,4d87c231784044ec8cfa3289d72664cc,07/12/2020,DEZEMBRO,SEGUNDA-FEIRA,16,1
136660441,67eb8d7841c043cfbc0895ea36b9fa17,17/10/2020,OUTUBRO,SABADO,14,0
48685682,b031e00ca6454509b2197223836db49d,15/12/2020,DEZEMBRO,TERCA-FEIRA,10,1
131713325,342f6adede604e2d87d640288455a86c,12/08/2020,AGOSTO,QUARTA-FEIRA,15,1
125927727,17d932e6fbb1454b92c48bad8b148806,11/05/2020,MAIO,SEGUNDA-FEIRA,14,1
41309900,5752221717994b2dada61786c6e4a372,27/02/2020,FEVEREIRO,QUINTA-FEIRA,17,1
48437250,0416967d360143d6b092f6e122f1b98a,23/11/2020,NOVEMBRO,SEGUNDA-FEIRA,16,1
132840487,1462126536af4766a10721c2d28954cd,02/09/2020,SETEMBRO,QUARTA-FEIRA,15,0
48075852,86a93179129a49e194a73ffc696710b9,06/11/2020,NOVEMBRO,SEXTA-FEIRA,11,1
48139610,b031e00ca6454509b2197223836db49d,10/11/2020,NOVEMBRO,TERCA-FEIRA,19,1
48358450,6de2b616ee124331b828d516ee54164d,17/11/2020,NOVEMBRO,TERCA-FEIRA,16,1
44783174,2ae532f9b03944229f9eeaf61f0a89c9,16/05/2020,MAIO,SABADO,13,1
127107373,5dc4626baf9a467f95d9579c98d63524,28/05/2020,MAIO,QUINTA-FEIRA,10,1
48579382,f8ac210d18b64fd183d178e02916a600,05/12/2020,DEZEMBRO,SABADO,16,1
128816737,be2f667e703045ce91883641e8c6c0fe,25/06/2020,JUNHO,QUINTA-FEIRA,17,1
127415135,4694534a1101482b927c45d08d44e4b0,02/06/2020,JUNHO,TERCA-FEIRA,14,0
140097749,aece8b84c55a466c8ce1dcc30747291c,18/12/2020,DEZEMBRO,SEXTA-FEIRA,14,1
132172297,77c6a00943c340089a89368a149d8ee7,21/08/2020,AGOSTO,SEXTA-FEIRA,12,1
120405551,5545de7562fd4c6596b727eb9a8fd26f,23/03/2020,MARCO,SEGUNDA-FEIRA,10,0
133728571,73cfb0eb9a4d4d59a181feaedc4a52a3,18/09/2020,SETEMBRO,SEXTA-FEIRA,12,0
119028773,cd8b1e4377334ed198a37780f49fa2fe,01/03/2020,MARCO,DOMINGO,11,0
122084689,d8d08d7850134a1da0ca527e337b44b7,07/04/2020,ABRIL,TERCA-FEIRA,14,0
47823218,776871c9b81b4998aa63a04b0311977a,20/10/2020,OUTUBRO,TERCA-FEIRA,11,1
130617359,cd8b1e4377334ed198a37780f49fa2fe,23/07/2020,JULHO,QUINTA-FEIRA,15,0
140601339,1470d2c66d224c4d92bb323c22101913,30/12/2020,DEZEMBRO,QUARTA-FEIRA,13,1
41200126,d191d59c0d2048c3a2a9c667afd08344,20/02/2020,FEVEREIRO,QUINTA-FEIRA,14,1
44806150,1f35a3dde40242c182c6e6f36220f704,18/05/2020,MAIO,SEGUNDA-FEIRA,14,1
136714785,2becbe6f7e8b467e9dfc5cc9bdb3e795,19/10/2020,OUTUBRO,SEGUNDA-FEIRA,13,1
48142296,27bceafc66ba4d08ade3ccaa8e3c09b1,11/11/2020,NOVEMBRO,QUARTA-FEIRA,10,1
129424917,368f7ce9d9d54162aa18d74433cdfad8,03/07/2020,JULHO,SEXTA-FEIRA,13,0
139247811,e2db970a519741d7a8b6455dcfb93357,02/12/2020,DEZEMBRO,QUARTA-FEIRA,15,0
47296742,d70558c79b9d446f88aab1e18c4ec5b3,17/09/2020,SETEMBRO,QUINTA-FEIRA,07,1
139973129,ba81996efe8949828bfedececce07e9e,16/12/2020,DEZEMBRO,QUARTA-FEIRA,15,1
136617413,f020611dd5234853859ae78912fd8c76,16/10/2020,OUTUBRO,SEXTA-FEIRA,12,1
130866441,4694534a1101482b927c45d08d44e4b0,28/07/2020,JULHO,TERCA-FEIRA,16,1
140268285,e23d8d0f739b4a63b04073b260434602,22/12/2020,DEZEMBRO,TERCA-FEIRA,16,1
126406845,2df562ba18d64b9fb2e26ec24d7352f4,18/05/2020,MAIO,SEGUNDA-FEIRA,16,1
131173745,2f822bab71f8498092b6ba0a4245a722,03/08/2020,AGOSTO,SEGUNDA-FEIRA,11,0
137317625,6acbd140cb63435fb203607188a3b2f3,29/10/2020,OUTUBRO,QUINTA-FEIRA,10,0
122048243,572e26e41f8c4c38a882c7bf9c027ebf,07/04/2020,ABRIL,TERCA-FEIRA,11,1
137361059,48b585eeaaa74f49b4999153be898901,29/10/2020,OUTUBRO,QUINTA-FEIRA,16,0
48041984,13f50698b9244dc29dcf0b7b0320b15d,04/11/2020,NOVEMBRO,QUARTA-FEIRA,09,1
138803999,01085ad018d44065915af6d22467217b,24/11/2020,NOVEMBRO,TERCA-FEIRA,13,1
44675370,b41ceeb40da949169dce3e623c143f8f,12/05/2020,MAIO,TERCA-FEIRA,14,1
48543628,f8ac210d18b64fd183d178e02916a600,02/12/2020,DEZEMBRO,QUARTA-FEIRA,16,1
137762199,0d660031c7844eec97bc8c99c071c50e,05/11/2020,NOVEMBRO,QUINTA-FEIRA,15,1
43384814,107c40186ad0458c974ea02e6681a665,16/04/2020,ABRIL,QUINTA-FEIRA,13,1
127590587,c451eee1eba24c5ea4d9b3c4f79cff9a,04/06/2020,JUNHO,QUINTA-FEIRA,17,0
48783218,df0da1fd1fa54a40acb6648bbf3749a7,22/12/2020,DEZEMBRO,TERCA-FEIRA,10,1
137438561,c57a2bf004584622a1a87a93bef531f5,30/10/2020,OUTUBRO,SEXTA-FEIRA,16,1
134741881,47024ee1460c489ba96d30515515ad65,06/10/2020,OUTUBRO,TERCA-FEIRA,12,1
47625602,cb949bcaa5f34e4fbba989caae0ab3ca,06/10/2020,OUTUBRO,TERCA-FEIRA,23,1
129311889,47024ee1460c489ba96d30515515ad65,02/07/2020,JULHO,QUINTA-FEIRA,08,0
137952729,c8783e832e9644d8b02fb20bfb298b38,09/11/2020,NOVEMBRO,SEGUNDA-FEIRA,14,1
46653080,00b65a70bcf94365bd3b5629cc084327,09/08/2020,AGOSTO,DOMINGO,16,1
131931225,86bc0a74ac0847a9b66a15227a9a4a66,17/08/2020,AGOSTO,SEGUNDA-FEIRA,15,1
134946025,3a78c487bea845b08dfbfe607c308367,09/10/2020,OUTUBRO,SEXTA-FEIRA,09,1
46532146,6bd2d4e88c374e2198e23674573dbecd,28/07/2020,JULHO,TERCA-FEIRA,12,1
48582452,c0b1595c6a1e4f8d9a425b9dc900b102,07/12/2020,DEZEMBRO,SEGUNDA-FEIRA,09,1
137677203,bb65e7e8969e4d588eaa675e801f4e24,04/11/2020,NOVEMBRO,QUARTA-FEIRA,12,0
119875603,cd8b1e4377334ed198a37780f49fa2fe,14/03/2020,MARCO,SABADO,16,0
127324015,fdf4d2eebdce4edb86bfc106b1224254,01/06/2020,JUNHO,SEGUNDA-FEIRA,13,0
132570103,b376532354a941bd84d1ae4bc765d0b3,28/08/2020,AGOSTO,SEXTA-FEIRA,14,0
124872041,76e7529747ad4f03b60e2c1fb1ff6f59,30/04/2020,ABRIL,QUINTA-FEIRA,06,0
44668318,6657241c0c5b4c48a049e86c34855bfc,12/05/2020,MAIO,TERCA-FEIRA,09,1
47861224,5520da44689f44ee9f1de0f3e6f9f2b8,22/10/2020,OUTUBRO,QUINTA-FEIRA,08,1
124733591,beef7659636e4672b38d1999dd79ba93,28/04/2020,ABRIL,TERCA-FEIRA,12,0
48115146,0688dba18bbc4e9ab8cbf2c92703659b,09/11/2020,NOVEMBRO,SEGUNDA-FEIRA,18,1
139699719,ede9a63bd6914d8c95fd7225a1d94756,11/12/2020,DEZEMBRO,SEXTA-FEIRA,11,0
41689152,4085a3b61ffb441da5b23779966cc24e,20/03/2020,MARCO,SEXTA-FEIRA,14,1
128779929,6657241c0c5b4c48a049e86c34855bfc,25/06/2020,JUNHO,QUINTA-FEIRA,11,0
120835245,a06c2690d648494f9177d91fb623c575,26/03/2020,MARCO,QUINTA-FEIRA,15,1
129255353,0bbd6cca66e949779a709ec0bb186c67,01/07/2020,JULHO,QUARTA-FEIRA,10,0
138750109,de077c13fd83467ab2ddb1267a9f99ef,23/11/2020,NOVEMBRO,SEGUNDA-FEIRA,15,1
133094075,dea3e4e1796d45cdaf9e4262aab54865,07/09/2020,SETEMBRO,SEGUNDA-FEIRA,16,0
137765713,fd381cb0e85a48ebb40ad831563a6737,05/11/2020,NOVEMBRO,QUINTA-FEIRA,15,1
47660350,d6d15f0a48b04683bd06c60526e9f0c1,08/10/2020,OUTUBRO,QUINTA-FEIRA,18,1
40627736,59fc44b7a1f6493fbb957d92edc3a7f9,06/02/2020,FEVEREIRO,QUINTA-FEIRA,20,1
140041207,478f1d1946054e38a66fb3da38ef755e,17/12/2020,DEZEMBRO,QUINTA-FEIRA,17,0
134349575,78ceb86e84eb4f08825f5a057bf8f3c3,29/09/2020,SETEMBRO,TERCA-FEIRA,11,0
44141878,be2f667e703045ce91883641e8c6c0fe,30/04/2020,ABRIL,QUINTA-FEIRA,15,1
119846319,c27907e9c865428bae80c496822838ba,13/03/2020,MARCO,SEXTA-FEIRA,15,1
140197527,a3c8d94747994b3ba71aa4bf8693e9fa,21/12/2020,DEZEMBRO,SEGUNDA-FEIRA,14,0
140069273,4359386f4c3f475daf517828b2204a7d,18/12/2020,DEZEMBRO,SEXTA-FEIRA,10,1
118980637,c4abac3d07954e3ba8e0bed46a093311,28/02/2020,FEVEREIRO,SEXTA-FEIRA,17,0
47604536,cb949bcaa5f34e4fbba989caae0ab3ca,05/10/2020,OUTUBRO,SEGUNDA-FEIRA,23,1
133198807,dea3e4e1796d45cdaf9e4262aab54865,09/09/2020,SETEMBRO,QUARTA-FEIRA,09,0
134981809,999dc7e2ad0640419092fff1fa72e05c,09/10/2020,OUTUBRO,SEXTA-FEIRA,15,1
133319385,776871c9b81b4998aa63a04b0311977a,10/09/2020,SETEMBRO,QUINTA-FEIRA,16,1
45489278,b8265749f3504295ae219c2451307721,15/06/2020,JUNHO,SEGUNDA-FEIRA,18,1
117416693,478f1d1946054e38a66fb3da38ef755e,07/02/2020,FEVEREIRO,SEXTA-FEIRA,12,1
45586836,c1579e283c6640a4b23438b252d9fb4f,17/06/2020,JUNHO,QUARTA-FEIRA,21,1
48711268,36e50d4331c844bb9ddedde726b7cafc,16/12/2020,DEZEMBRO,QUARTA-FEIRA,11,1
119347267,0bbd6cca66e949779a709ec0bb186c67,05/03/2020,MARCO,QUINTA-FEIRA,12,0
48508072,c0b1595c6a1e4f8d9a425b9dc900b102,30/11/2020,NOVEMBRO,SEGUNDA-FEIRA,09,1
139715561,a0d1c3ac074f46e0bed2033e3b850b73,11/12/2020,DEZEMBRO,SEXTA-FEIRA,13,0
47726248,7f6e4953056043dc8b03890944b4cd43,14/10/2020,OUTUBRO,QUARTA-FEIRA,09,1
138221497,d04f76b9b5014464afd44cc3fb32be83,13/11/2020,NOVEMBRO,SEXTA-FEIRA,16,0
139466699,40897170c9d547c583fbbf0492cc78df,07/12/2020,DEZEMBRO,SEGUNDA-FEIRA,11,0
138702977,28ae4715125e4e14a818ad5b2f3b5e81,22/11/2020,NOVEMBRO,DOMINGO,18,0
48446822,799e277429ef4581bc4ffbdfda587835,24/11/2020,NOVEMBRO,TERCA-FEIRA,14,1
48487748,2af312c3495043c492c127c1d5ff89fe,27/11/2020,NOVEMBRO,SEXTA-FEIRA,09,1
133976403,38d33a3ce7c040349753cad4973fd7db,22/09/2020,SETEMBRO,TERCA-FEIRA,10,1
139231785,2e68a6f3d7f142188c55abcd6af298c1,02/12/2020,DEZEMBRO,QUARTA-FEIRA,13,1
48122878,a34292e443474c678501176be35bcac7,10/11/2020,NOVEMBRO,TERCA-FEIRA,12,1
131734723,18cd0b523ff64144947c08ac6c72447a,13/08/2020,AGOSTO,QUINTA-FEIRA,09,1
133992191,3058cabb35f64e7592aaf19daf615fd6,22/09/2020,SETEMBRO,TERCA-FEIRA,12,0
126909433,c0b250b2e4f64bda9a64530a7b73cf88,25/05/2020,MAIO,SEGUNDA-FEIRA,16,1
127168599,76e7529747ad4f03b60e2c1fb1ff6f59,29/05/2020,MAIO,SEXTA-FEIRA,07,0
136724845,2becbe6f7e8b467e9dfc5cc9bdb3e795,19/10/2020,OUTUBRO,SEGUNDA-FEIRA,14,1
41833614,4085a3b61ffb441da5b23779966cc24e,26/03/2020,MARCO,QUINTA-FEIRA,14,1
47711536,50c93567854d4a70b1dba545dc825ba6,12/10/2020,OUTUBRO,SEGUNDA-FEIRA,15,1
46552888,17d932e6fbb1454b92c48bad8b148806,30/07/2020,JULHO,QUINTA-FEIRA,10,1
48754718,646644bb258e4d2384684ae5ffeee7f0,19/12/2020,DEZEMBRO,SABADO,11,1
47812476,12e3286f48c843eea465347244274317,19/10/2020,OUTUBRO,SEGUNDA-FEIRA,17,1
48745646,5c440e33b90b4705bb852da8e59844c5,18/12/2020,DEZEMBRO,SEXTA-FEIRA,11,1
47665796,d6d15f0a48b04683bd06c60526e9f0c1,09/10/2020,OUTUBRO,SEXTA-FEIRA,06,1
132718387,76e7529747ad4f03b60e2c1fb1ff6f59,01/09/2020,SETEMBRO,TERCA-FEIRA,05,0
43371018,ea933ef48bb24a37bb9917c01f51d48d,15/04/2020,ABRIL,QUARTA-FEIRA,20,1
128431819,76e7529747ad4f03b60e2c1fb1ff6f59,20/06/2020,JUNHO,SABADO,13,0
137321351,478f1d1946054e38a66fb3da38ef755e,29/10/2020,OUTUBRO,QUINTA-FEIRA,10,1
120168925,f3d5ceb1e8bf4088bd24d1c37a2bc257,19/03/2020,MARCO,QUINTA-FEIRA,14,0
119852093,3cb62558262745918722a58ff3bee0d6,13/03/2020,MARCO,SEXTA-FEIRA,17,0
139326065,563ddd9909a7411dabd70b858ce00b5c,03/12/2020,DEZEMBRO,QUINTA-FEIRA,16,1
131239485,c162de451248401b94dc17e4d5bdc0df,04/08/2020,AGOSTO,TERCA-FEIRA,09,1
46420850,776871c9b81b4998aa63a04b0311977a,15/07/2020,JULHO,QUARTA-FEIRA,20,1
134936671,d6d15f0a48b04683bd06c60526e9f0c1,09/10/2020,OUTUBRO,SEXTA-FEIRA,08,0
48356040,0416967d360143d6b092f6e122f1b98a,17/11/2020,NOVEMBRO,TERCA-FEIRA,12,1
47917422,0b323f0ac43e4d39b4f979cbab1e4690,26/10/2020,OUTUBRO,SEGUNDA-FEIRA,14,1
138327603,ea112308d00446cd811c8ec5302d06fc,16/11/2020,NOVEMBRO,SEGUNDA-FEIRA,10,1
119982927,db072be214bd469f8a2edaa1ba609f77,17/03/2020,MARCO,TERCA-FEIRA,10,0
118978129,7a6d3a80208d4d2ab22959b6a68663dc,28/02/2020,FEVEREIRO,SEXTA-FEIRA,17,0
138441429,b89f70bf4e67426688692b6855c22742,17/11/2020,NOVEMBRO,TERCA-FEIRA,17,1
131507293,9a02e3747f23406cb075c610bde7554e,08/08/2020,AGOSTO,SABADO,13,1
130073945,776871c9b81b4998aa63a04b0311977a,14/07/2020,JULHO,TERCA-FEIRA,15,1
118208613,0da2b85fdd3f49acb5d1384cb3e768ae,17/02/2020,FEVEREIRO,SEGUNDA-FEIRA,16,0
119584327,6168487489254a88b67b42ca992bca3c,10/03/2020,MARCO,TERCA-FEIRA,10,1
130276049,270a3d5a6141454b9326e73e207cb870,17/07/2020,JULHO,SEXTA-FEIRA,13,1
130837609,42d1cb59ef354394bb17795f82679f15,28/07/2020,JULHO,TERCA-FEIRA,12,1
130014149,5c440e33b90b4705bb852da8e59844c5,13/07/2020,JULHO,SEGUNDA-FEIRA,17,1
46912826,730c63080e0e4473a8807c5d1363165b,28/08/2020,AGOSTO,SEXTA-FEIRA,22,1
127131421,62e125d4c5904cec86e4f816ece8df61,28/05/2020,MAIO,QUINTA-FEIRA,13,0
47907438,3435dafdbf794ba3be149ca97a07a160,25/10/2020,OUTUBRO,DOMINGO,12,1
133110379,038a243f206d43f0aa98721d1c450ca1,08/09/2020,SETEMBRO,TERCA-FEIRA,07,1
139336685,f17793b51e3c4d86ae1b9387599f219c,03/12/2020,DEZEMBRO,QUINTA-FEIRA,19,1
137840615,2c90e6aa8e484ab781d51f9906c7d7d9,06/11/2020,NOVEMBRO,SEXTA-FEIRA,17,1
48445342,120b1f45d39c45e8b2b48676d027d2cf,24/11/2020,NOVEMBRO,TERCA-FEIRA,11,1
47750482,fe92248729c44f448481c5780127e6d1,15/10/2020,OUTUBRO,QUINTA-FEIRA,11,1
126393211,cb3428bd8eed46819ef6f329a9c947d7,18/05/2020,MAIO,SEGUNDA-FEIRA,14,0
120987075,dd63273b339f4d22aecadacfdce6348e,27/03/2020,MARCO,SEXTA-FEIRA,19,0
123797921,0f5a23e366434e6381873d02f61d6da9,20/04/2020,ABRIL,SEGUNDA-FEIRA,14,0
47618022,d70558c79b9d446f88aab1e18c4ec5b3,06/10/2020,OUTUBRO,TERCA-FEIRA,15,1
131004407,fbb3239246734a198492e61048bac1f5,30/07/2020,JULHO,QUINTA-FEIRA,15,0
124803181,6fe1f9dd46054decbc6dfa84dfa5f5c8,29/04/2020,ABRIL,QUARTA-FEIRA,10,0
139881469,ba3bdcfcf8f0496db4c6182552d52f3e,15/12/2020,DEZEMBRO,TERCA-FEIRA,11,1
41767716,fc203b49141948f6978ee2ce9b20b60f,24/03/2020,MARCO,TERCA-FEIRA,14,1
139396115,58a89a0d1b554a6e81a7d7639797bcfe,04/12/2020,DEZEMBRO,SEXTA-FEIRA,16,0
46997770,5ce61132269e47c9a50a948a8bb503f7,31/08/2020,AGOSTO,SEGUNDA-FEIRA,22,1
131729109,270a3d5a6141454b9326e73e207cb870,13/08/2020,AGOSTO,QUINTA-FEIRA,08,1
137675661,2798ca89eb8847ba99b11b63a0324a61,04/11/2020,NOVEMBRO,QUARTA-FEIRA,11,1
138163837,f3d5ceb1e8bf4088bd24d1c37a2bc257,12/11/2020,NOVEMBRO,QUINTA-FEIRA,16,1
122028075,7af144d5f2e64a598707726ebf853529,07/04/2020,ABRIL,TERCA-FEIRA,09,0
46322686,500b9bf864ff46f99ec630543c7c0bb9,09/07/2020,JULHO,QUINTA-FEIRA,11,1
132669845,e29dad34c6254fc3a2639ff50e9db456,31/08/2020,AGOSTO,SEGUNDA-FEIRA,11,0
137688157,3ce7e7e0adcd40d3a869259d87e19637,04/11/2020,NOVEMBRO,QUARTA-FEIRA,13,0
46921834,776871c9b81b4998aa63a04b0311977a,29/08/2020,AGOSTO,SABADO,09,1
126690865,776871c9b81b4998aa63a04b0311977a,21/05/2020,MAIO,QUINTA-FEIRA,15,1
130515403,bf4bff21864f48c6ae50a46e49992e93,22/07/2020,JULHO,QUARTA-FEIRA,10,1
48702984,999dc7e2ad0640419092fff1fa72e05c,16/12/2020,DEZEMBRO,QUARTA-FEIRA,05,1
41268022,d02b3f88a772486385642416b78714cc,25/02/2020,FEVEREIRO,TERCA-FEIRA,17,1
130265219,d02b3f88a772486385642416b78714cc,17/07/2020,JULHO,SEXTA-FEIRA,11,1
133496423,1fa4c912814b409b8bb34acd847c390f,14/09/2020,SETEMBRO,SEGUNDA-FEIRA,15,0
132167157,c8c6f83d84d3442cb13cff48938984f4,21/08/2020,AGOSTO,SEXTA-FEIRA,11,0
116969275,38841307eb5f4102b0ac6902e0d35fda,04/02/2020,FEVEREIRO,TERCA-FEIRA,15,1
133516145,d70558c79b9d446f88aab1e18c4ec5b3,15/09/2020,SETEMBRO,TERCA-FEIRA,08,1
120472707,95b00d20994a4ca9ab776610edc52d78,23/03/2020,MARCO,SEGUNDA-FEIRA,15,0
45346484,2635f802d278433e88d882ef9607992c,11/06/2020,JUNHO,QUINTA-FEIRA,15,1
137719515,b89f70bf4e67426688692b6855c22742,04/11/2020,NOVEMBRO,QUARTA-FEIRA,18,0
42146232,fc203b49141948f6978ee2ce9b20b60f,07/04/2020,ABRIL,TERCA-FEIRA,16,1
118198717,8f095357973f4033b46308c9213f9981,17/02/2020,FEVEREIRO,SEGUNDA-FEIRA,15,0
130632327,9a02e3747f23406cb075c610bde7554e,23/07/2020,JULHO,QUINTA-FEIRA,18,1
126233247,c8c6f83d84d3442cb13cff48938984f4,15/05/2020,MAIO,SEXTA-FEIRA,13,0
118861471,67b407d35549464492c3ab215d946c3d,27/02/2020,FEVEREIRO,QUINTA-FEIRA,14,1
134823471,28569a7370d44b7fbe92134d90e9f330,07/10/2020,OUTUBRO,QUARTA-FEIRA,13,1
126879499,24c213a821eb434ca5854c3d942690ca,25/05/2020,MAIO,SEGUNDA-FEIRA,12,1
129543685,cd8b1e4377334ed198a37780f49fa2fe,06/07/2020,JULHO,SEGUNDA-FEIRA,12,0
120859219,dd63273b339f4d22aecadacfdce6348e,26/03/2020,MARCO,QUINTA-FEIRA,18,0
116255425,a3e45e7f3f514903b5cc3d790bdab7dd,28/01/2020,JANEIRO,TERCA-FEIRA,11,0
138819217,d2613aa7bb214f2ab2bc43b36b7ba28d,24/11/2020,NOVEMBRO,TERCA-FEIRA,16,0
137634949,df03767e7051410690b128e8e32d98e6,03/11/2020,NOVEMBRO,TERCA-FEIRA,16,1
48167296,2dc95bdbfca44f30841fbaf8164ec946,12/11/2020,NOVEMBRO,QUINTA-FEIRA,11,1
138018483,a4849b1984294b6c99b11aba3157d3aa,10/11/2020,NOVEMBRO,TERCA-FEIRA,14,1
139130597,12446760007d4ca9819705b0b815af16,30/11/2020,NOVEMBRO,SEGUNDA-FEIRA,15,0
123715707,c162de451248401b94dc17e4d5bdc0df,19/04/2020,ABRIL,DOMINGO,07,1
133463701,1fa4c912814b409b8bb34acd847c390f,14/09/2020,SETEMBRO,SEGUNDA-FEIRA,10,1
140579177,db2e7f8a260d40b5a7acb2866471174f,30/12/2020,DEZEMBRO,QUARTA-FEIRA,09,1
46665590,41ee1f1959324992b9792c09ebbe5194,10/08/2020,AGOSTO,SEGUNDA-FEIRA,17,1
131262687,b608617d1ac44c3884165e99c0781d9f,04/08/2020,AGOSTO,TERCA-FEIRA,12,1
137827693,d82845a7378844aa80dc5a1232c3d32c,06/11/2020,NOVEMBRO,SEXTA-FEIRA,15,0
48327846,094bd283cae74d91ac2ace7dc97801cd,16/11/2020,NOVEMBRO,SEGUNDA-FEIRA,09,1
116599385,33d2612838214102992f5409a8186428,31/01/2020,JANEIRO,SEXTA-FEIRA,13,1
139985321,e66f98ecdbd848e7a4c00c90a15271ca,16/12/2020,DEZEMBRO,QUARTA-FEIRA,17,1
129534917,d02b3f88a772486385642416b78714cc,06/07/2020,JULHO,SEGUNDA-FEIRA,12,0
140201153,a3c8d94747994b3ba71aa4bf8693e9fa,21/12/2020,DEZEMBRO,SEGUNDA-FEIRA,14,1
129292237,776b3cb9d8144952bd4f4d20321b3745,01/07/2020,JULHO,QUARTA-FEIRA,16,0
136793055,7d7e906ad73e482584ff85522841f694,20/10/2020,OUTUBRO,TERCA-FEIRA,14,1
137685035,ea9a8cff700243f7ba21342e99f31656,04/11/2020,NOVEMBRO,QUARTA-FEIRA,14,1
139733137,342f6adede604e2d87d640288455a86c,11/12/2020,DEZEMBRO,SEXTA-FEIRA,16,1
127306195,c1ba7e770c554204ba48b8fef5d817b9,01/06/2020,JUNHO,SEGUNDA-FEIRA,11,1
131714319,dd63273b339f4d22aecadacfdce6348e,12/08/2020,AGOSTO,QUARTA-FEIRA,16,1
48359534,73cfb0eb9a4d4d59a181feaedc4a52a3,17/11/2020,NOVEMBRO,TERCA-FEIRA,15,1
131187495,a54cc9d35a0c48d7b0bdf61061c3c9de,03/08/2020,AGOSTO,SEGUNDA-FEIRA,14,1
139847187,b031e00ca6454509b2197223836db49d,14/12/2020,DEZEMBRO,SEGUNDA-FEIRA,17,0
124605777,e82e922fff884644b082249aeb56557b,27/04/2020,ABRIL,SEGUNDA-FEIRA,10,1
48753006,c09699189dd048089fd2816055d2c0e7,18/12/2020,DEZEMBRO,SEXTA-FEIRA,18,1
133160129,7443a9ce923f4ad894106deb9a856065,08/09/2020,SETEMBRO,TERCA-FEIRA,14,1
125466239,6657241c0c5b4c48a049e86c34855bfc,05/05/2020,MAIO,TERCA-FEIRA,12,0
116202895,629a8d7bdeb74f25a3a0ba842406b29b,27/01/2020,JANEIRO,SEGUNDA-FEIRA,16,1
43379022,107c40186ad0458c974ea02e6681a665,16/04/2020,ABRIL,QUINTA-FEIRA,10,1
47942782,13b74bc9b8d0424493f30532ed46c520,28/10/2020,OUTUBRO,QUARTA-FEIRA,09,1
139979541,5201314d3f22452a83a61ac27e13c069,16/12/2020,DEZEMBRO,QUARTA-FEIRA,16,1
46517764,1c4dfc62745b430e8e5584632d6ed959,27/07/2020,JULHO,SEGUNDA-FEIRA,11,1
43519874,224b304199ed4c35b74e09a367e4a38c,23/04/2020,ABRIL,QUINTA-FEIRA,10,1
120547873,730c63080e0e4473a8807c5d1363165b,24/03/2020,MARCO,TERCA-FEIRA,10,1
139244669,e2db970a519741d7a8b6455dcfb93357,02/12/2020,DEZEMBRO,QUARTA-FEIRA,15,0
47660454,d6d15f0a48b04683bd06c60526e9f0c1,08/10/2020,OUTUBRO,QUINTA-FEIRA,18,1
47841582,4694534a1101482b927c45d08d44e4b0,21/10/2020,OUTUBRO,QUARTA-FEIRA,12,1
47500248,d6d15f0a48b04683bd06c60526e9f0c1,28/09/2020,SETEMBRO,SEGUNDA-FEIRA,10,1
118188013,5a7c9eb3bc184df38c590ee1ed7bbf97,17/02/2020,FEVEREIRO,SEGUNDA-FEIRA,13,0
132805767,e29dad34c6254fc3a2639ff50e9db456,02/09/2020,SETEMBRO,QUARTA-FEIRA,10,0
136497243,3431ced3923c47f48feee79266a113f8,14/10/2020,OUTUBRO,QUARTA-FEIRA,13,1
46846640,62e5244abf4345ac8a3b0a70caa59972,25/08/2020,AGOSTO,TERCA-FEIRA,19,1
40306070,f62d4c259e9e4cff887b4a851f4c1c58,03/02/2020,FEVEREIRO,SEGUNDA-FEIRA,21,1
40443388,478f1d1946054e38a66fb3da38ef755e,05/02/2020,FEVEREIRO,QUARTA-FEIRA,11,1
45565328,d8e8d6d11315455299baa6c3a5b0da64,17/06/2020,JUNHO,QUARTA-FEIRA,09,1
134742747,78ceb86e84eb4f08825f5a057bf8f3c3,06/10/2020,OUTUBRO,TERCA-FEIRA,13,0
133978307,cd882ee169574da19346654480c43ea3,22/09/2020,SETEMBRO,TERCA-FEIRA,10,1
138801949,97318e89db594647a86f6404daa7f67f,24/11/2020,NOVEMBRO,TERCA-FEIRA,13,1
119996611,5a7c9eb3bc184df38c590ee1ed7bbf97,17/03/2020,MARCO,TERCA-FEIRA,11,1
41939262,fa7e253f3ce347cea79b1ea04bd297b4,31/03/2020,MARCO,TERCA-FEIRA,10,1
139334403,6de2b616ee124331b828d516ee54164d,03/12/2020,DEZEMBRO,QUINTA-FEIRA,17,1
136731245,525f589ca6b04b878773dc0355ce5232,19/10/2020,OUTUBRO,SEGUNDA-FEIRA,15,1
140069835,478f1d1946054e38a66fb3da38ef755e,18/12/2020,DEZEMBRO,SEXTA-FEIRA,11,1
119996459,24ea23283533434bb6055b1e9117dde4,17/03/2020,MARCO,TERCA-FEIRA,11,1
138429373,4ecc4f544b474732ae32642e4f8e4b13,17/11/2020,NOVEMBRO,TERCA-FEIRA,15,1
120591115,a8325b2a457148af8c5e3d9f6664b783,24/03/2020,MARCO,TERCA-FEIRA,15,0
120759853,5433e600aa194b5fa9033cdc7ef51a4b,25/03/2020,MARCO,QUARTA-FEIRA,21,0
131904847,0aa9e4852ad14d0384b7cde5d6dcdb6d,17/08/2020,AGOSTO,SEGUNDA-FEIRA,10,1
138474033,044b66daadb84aaf837dc5f3799571a4,18/11/2020,NOVEMBRO,QUARTA-FEIRA,11,1
126903629,7f6e4953056043dc8b03890944b4cd43,25/05/2020,MAIO,SEGUNDA-FEIRA,15,1
48525942,8a80c224bea74b96847eb7709ceaad8f,01/12/2020,DEZEMBRO,TERCA-FEIRA,12,1
127025371,c162de451248401b94dc17e4d5bdc0df,27/05/2020,MAIO,QUARTA-FEIRA,10,1
137985891,2376dda8ce3e443298abb841278b16b5,10/11/2020,NOVEMBRO,TERCA-FEIRA,09,1
122108623,c27907e9c865428bae80c496822838ba,07/04/2020,ABRIL,TERCA-FEIRA,16,1
140217909,5433e600aa194b5fa9033cdc7ef51a4b,21/12/2020,DEZEMBRO,SEGUNDA-FEIRA,17,1
125586053,7443a9ce923f4ad894106deb9a856065,06/05/2020,MAIO,QUARTA-FEIRA,15,1
140331385,150847ff0f7e4fd0a2c8ca61beca2da2,23/12/2020,DEZEMBRO,QUARTA-FEIRA,16,1
133333263,3ce7e7e0adcd40d3a869259d87e19637,11/09/2020,SETEMBRO,SEXTA-FEIRA,07,1
125546523,e982f0f463944209960332d10e10618e,06/05/2020,MAIO,QUARTA-FEIRA,11,1
137024341,0c21f7112e314724a022d754bc673612,23/10/2020,OUTUBRO,SEXTA-FEIRA,13,1
48839566,3435dafdbf794ba3be149ca97a07a160,29/12/2020,DEZEMBRO,TERCA-FEIRA,10,1
129433559,42d1cb59ef354394bb17795f82679f15,03/07/2020,JULHO,SEXTA-FEIRA,14,1
48354752,a163dec9365a4cb29b99d157ef2fec10,17/11/2020,NOVEMBRO,TERCA-FEIRA,13,1
137425547,aa8eec02bbd942e5bc8124d840352504,30/10/2020,OUTUBRO,SEXTA-FEIRA,14,0
137693959,4fc83310c9cc44ef8e2bbdf850ff5187,04/11/2020,NOVEMBRO,QUARTA-FEIRA,14,1
129416883,59fc44b7a1f6493fbb957d92edc3a7f9,03/07/2020,JULHO,SEXTA-FEIRA,12,1
125676837,47024ee1460c489ba96d30515515ad65,07/05/2020,MAIO,QUINTA-FEIRA,18,1
122410699,84156c715f204ecf95f37feae2c0a4c2,09/04/2020,ABRIL,QUINTA-FEIRA,13,0
41837422,d601210e324444b09ae4c835c6cd742c,26/03/2020,MARCO,QUINTA-FEIRA,15,1
137354001,b608617d1ac44c3884165e99c0781d9f,29/10/2020,OUTUBRO,QUINTA-FEIRA,14,1
138372637,5ef6ca961e354e52898331effdb98fc6,16/11/2020,NOVEMBRO,SEGUNDA-FEIRA,17,1
138359007,939231f725a1408c9afec87aa7419f6f,16/11/2020,NOVEMBRO,SEGUNDA-FEIRA,14,0
121811067,38841307eb5f4102b0ac6902e0d35fda,03/04/2020,ABRIL,SEXTA-FEIRA,19,0
131621259,342f6adede604e2d87d640288455a86c,11/08/2020,AGOSTO,TERCA-FEIRA,11,0
130209799,0f6d728e63f7480ca9e284689cd5c015,16/07/2020,JULHO,QUINTA-FEIRA,14,1
133135007,3435dafdbf794ba3be149ca97a07a160,08/09/2020,SETEMBRO,TERCA-FEIRA,11,0
130190931,98099033f9f64b82be7620182e42f39e,16/07/2020,JULHO,QUINTA-FEIRA,12,1
137771353,ba81996efe8949828bfedececce07e9e,05/11/2020,NOVEMBRO,QUINTA-FEIRA,16,1
140531753,beef7659636e4672b38d1999dd79ba93,29/12/2020,DEZEMBRO,TERCA-FEIRA,13,1
138155081,115cb6abe4da4fe5a5f63ca391838dc1,12/11/2020,NOVEMBRO,QUINTA-FEIRA,15,1
139208013,8b5fc62b3b9f4ec4a81b5bee67eb9ddb,02/12/2020,DEZEMBRO,QUARTA-FEIRA,11,0
119397249,d3ed306efb4e4bd583eca8fc686c7b63,06/03/2020,MARCO,SEXTA-FEIRA,10,1
138659607,baefc2dc2f9b4b4c849d66873b620242,20/11/2020,NOVEMBRO,SEXTA-FEIRA,18,0
122411361,84156c715f204ecf95f37feae2c0a4c2,09/04/2020,ABRIL,QUINTA-FEIRA,13,0
118538279,799e277429ef4581bc4ffbdfda587835,21/02/2020,FEVEREIRO,SEXTA-FEIRA,13,1
127664383,bf4bff21864f48c6ae50a46e49992e93,05/06/2020,JUNHO,SEXTA-FEIRA,17,1
42319198,5545de7562fd4c6596b727eb9a8fd26f,08/04/2020,ABRIL,QUARTA-FEIRA,16,1
138618241,49699183fea34998bebab46ffcc23eae,20/11/2020,NOVEMBRO,SEXTA-FEIRA,11,0
119447305,0bbd6cca66e949779a709ec0bb186c67,07/03/2020,MARCO,SABADO,01,1
139195463,49699183fea34998bebab46ffcc23eae,02/12/2020,DEZEMBRO,QUARTA-FEIRA,09,1
134313757,94df02245f274e44971470a8554fe87d,28/09/2020,SETEMBRO,SEGUNDA-FEIRA,16,1
128635999,9a02e3747f23406cb075c610bde7554e,23/06/2020,JUNHO,TERCA-FEIRA,22,1
139474227,5eb2efecf246497fa3156903867b4453,07/12/2020,DEZEMBRO,SEGUNDA-FEIRA,12,1
136812619,2db37f5e1ef9428ea7cd5862f99e6792,20/10/2020,OUTUBRO,TERCA-FEIRA,16,1
123761221,6acbd140cb63435fb203607188a3b2f3,20/04/2020,ABRIL,SEGUNDA-FEIRA,11,0
138816653,cd8b1e4377334ed198a37780f49fa2fe,24/11/2020,NOVEMBRO,TERCA-FEIRA,15,0
121554473,4af58c51a9874150922e795e04665cbf,02/04/2020,ABRIL,QUINTA-FEIRA,09,0
131501853,67eb8d7841c043cfbc0895ea36b9fa17,08/08/2020,AGOSTO,SABADO,06,0
137191641,852c6ea0ecaa431baf7584c5eab24bfd,27/10/2020,OUTUBRO,TERCA-FEIRA,09,1
118021315,e6f9e6378d0646feb5db04eb12623aba,13/02/2020,FEVEREIRO,QUINTA-FEIRA,18,0
119737811,d8d08d7850134a1da0ca527e337b44b7,12/03/2020,MARCO,QUINTA-FEIRA,10,1
44104844,25bf7557861f40f69d801b12a58ee28c,29/04/2020,ABRIL,QUARTA-FEIRA,15,1
137979291,cd8b1e4377334ed198a37780f49fa2fe,09/11/2020,NOVEMBRO,SEGUNDA-FEIRA,20,0
132288221,e530a4106bfa4373930337e8ac219bee,24/08/2020,AGOSTO,SEGUNDA-FEIRA,14,1
134061667,c3bd7f41bdae47e89c751fe771f927ec,23/09/2020,SETEMBRO,QUARTA-FEIRA,14,1
119982671,4e565ad9e71147cea5095d559cf6220e,17/03/2020,MARCO,TERCA-FEIRA,10,0
47611550,bc89f3433917445694cf64b29d8d90d6,06/10/2020,OUTUBRO,TERCA-FEIRA,10,1
119954167,478f1d1946054e38a66fb3da38ef755e,16/03/2020,MARCO,SEGUNDA-FEIRA,17,0
48663286,f24852444d444a13852eead2d9b544ae,14/12/2020,DEZEMBRO,SEGUNDA-FEIRA,18,1
140062433,478f1d1946054e38a66fb3da38ef755e,18/12/2020,DEZEMBRO,SEXTA-FEIRA,10,1
48067978,3987276fa51f4807b4fff471c9068377,05/11/2020,NOVEMBRO,QUINTA-FEIRA,17,1
127524255,879f3cc7257748809e6782ed73176e17,04/06/2020,JUNHO,QUINTA-FEIRA,08,1
43469858,24ea23283533434bb6055b1e9117dde4,20/04/2020,ABRIL,SEGUNDA-FEIRA,19,1
133131923,49699183fea34998bebab46ffcc23eae,08/09/2020,SETEMBRO,TERCA-FEIRA,10,1
117720063,8f095357973f4033b46308c9213f9981,10/02/2020,FEVEREIRO,SEGUNDA-FEIRA,14,0
132712659,56daf308a56a40f598c9a8f98342e0c8,31/08/2020,AGOSTO,SEGUNDA-FEIRA,22,1
139850695,e982f0f463944209960332d10e10618e,14/12/2020,DEZEMBRO,SEGUNDA-FEIRA,17,1
48581718,40897170c9d547c583fbbf0492cc78df,06/12/2020,DEZEMBRO,DOMINGO,18,1
134321815,0bbd6cca66e949779a709ec0bb186c67,28/09/2020,SETEMBRO,SEGUNDA-FEIRA,18,0
40081218,d02b3f88a772486385642416b78714cc,29/01/2020,JANEIRO,QUARTA-FEIRA,17,1
127959395,0688dba18bbc4e9ab8cbf2c92703659b,12/06/2020,JUNHO,SEXTA-FEIRA,14,1
138821729,120b1f45d39c45e8b2b48676d027d2cf,24/11/2020,NOVEMBRO,TERCA-FEIRA,16,1
126168007,76e7529747ad4f03b60e2c1fb1ff6f59,15/05/2020,MAIO,SEXTA-FEIRA,07,0
116292069,342f6adede604e2d87d640288455a86c,28/01/2020,JANEIRO,TERCA-FEIRA,14,0
139486105,c01cf162fd6b4c008d0a3b53acd462c8,07/12/2020,DEZEMBRO,SEGUNDA-FEIRA,14,1
126824365,c7aaaa96059c457690d888a79fdbcb3c,23/05/2020,MAIO,SABADO,16,1
132293507,852c6ea0ecaa431baf7584c5eab24bfd,24/08/2020,AGOSTO,SEGUNDA-FEIRA,15,1
40441700,342f6adede604e2d87d640288455a86c,05/02/2020,FEVEREIRO,QUARTA-FEIRA,11,1
131534001,cd8b1e4377334ed198a37780f49fa2fe,10/08/2020,AGOSTO,SEGUNDA-FEIRA,08,0
47653040,044b66daadb84aaf837dc5f3799571a4,08/10/2020,OUTUBRO,QUINTA-FEIRA,12,1
128398911,e4613043efdd4a36b3b8f6c125ddf393,19/06/2020,JUNHO,SEXTA-FEIRA,15,1
136843393,7dd2ba80eb8a4bb883a95230243dc5db,21/10/2020,OUTUBRO,QUARTA-FEIRA,10,1
138339655,077824a687774584b5266dce03bc7340,16/11/2020,NOVEMBRO,SEGUNDA-FEIRA,13,1
132665235,e29dad34c6254fc3a2639ff50e9db456,31/08/2020,AGOSTO,SEGUNDA-FEIRA,11,0
46181532,c1579e283c6640a4b23438b252d9fb4f,05/07/2020,JULHO,DOMINGO,22,1
47978524,776871c9b81b4998aa63a04b0311977a,30/10/2020,OUTUBRO,SEXTA-FEIRA,10,1
138744365,f144787cc89a4fab9bececcedf5d5595,23/11/2020,NOVEMBRO,SEGUNDA-FEIRA,14,0
123702435,564e19b1b2464066b728f755c92dd673,18/04/2020,ABRIL,SABADO,14,1
48643392,ba3bdcfcf8f0496db4c6182552d52f3e,12/12/2020,DEZEMBRO,SABADO,12,1
125640221,4af58c51a9874150922e795e04665cbf,07/05/2020,MAIO,QUINTA-FEIRA,12,0
140696197,00b65a70bcf94365bd3b5629cc084327,31/12/2020,DEZEMBRO,QUINTA-FEIRA,17,0
48503374,5ce095386bc647a7b7c7734bb948ae79,28/11/2020,NOVEMBRO,SABADO,16,1
116112005,298d4041d01f46ee982316724d9911de,26/01/2020,JANEIRO,DOMINGO,18,1
138735293,f144787cc89a4fab9bececcedf5d5595,23/11/2020,NOVEMBRO,SEGUNDA-FEIRA,12,0
46950140,1eb40053b1c342aab6e052c74aa98748,30/08/2020,AGOSTO,DOMINGO,13,1
128365523,5f870e45486641218f46d50b03bc37c9,19/06/2020,JUNHO,SEXTA-FEIRA,11,0
43315694,49699183fea34998bebab46ffcc23eae,14/04/2020,ABRIL,TERCA-FEIRA,17,1
124010431,ed91f9a6016e49f68dd99e38c41d8a71,23/04/2020,ABRIL,QUINTA-FEIRA,11,0
125366265,25817d9f4ca24430bcbf1ecd621f7da6,04/05/2020,MAIO,SEGUNDA-FEIRA,13,1
48795804,a3c8d94747994b3ba71aa4bf8693e9fa,23/12/2020,DEZEMBRO,QUARTA-FEIRA,10,1
125966605,3ac747f3852b43248ca5d9478be36e96,12/05/2020,MAIO,TERCA-FEIRA,09,0
138398619,c2b5ff411fd74df3a81353691a92765e,17/11/2020,NOVEMBRO,TERCA-FEIRA,11,1
137149013,9dd041469b384707af584ef6721d7e15,26/10/2020,OUTUBRO,SEGUNDA-FEIRA,13,1
48051492,1573304ce70c40ec894230ae9caa33bf,04/11/2020,NOVEMBRO,QUARTA-FEIRA,16,1
134900121,87adca903e4143edb420f433427bd636,08/10/2020,OUTUBRO,QUINTA-FEIRA,14,0
123836353,c4a2f69f8c2e40a29bca3d95ac3ba316,21/04/2020,ABRIL,TERCA-FEIRA,08,1
41011780,f04b82907d58474dac86d748087fbd95,10/02/2020,FEVEREIRO,SEGUNDA-FEIRA,17,1
119519515,e483bc7c34644bd8a693fc6671819d1b,09/03/2020,MARCO,SEGUNDA-FEIRA,14,0
138509293,55a1d16768cb4782af2e0095c5420528,18/11/2020,NOVEMBRO,QUARTA-FEIRA,16,0
136678313,776b3cb9d8144952bd4f4d20321b3745,18/10/2020,OUTUBRO,DOMINGO,19,1
131825257,5b8c5b90778e47b18b2456e9869f887f,14/08/2020,AGOSTO,SEXTA-FEIRA,13,0
122075793,0a5f1533de0248549fbaabc6d19c5e53,07/04/2020,ABRIL,TERCA-FEIRA,13,0
134910649,564e19b1b2464066b728f755c92dd673,08/10/2020,OUTUBRO,QUINTA-FEIRA,15,0
137188961,48b585eeaaa74f49b4999153be898901,27/10/2020,OUTUBRO,TERCA-FEIRA,09,0
137284635,3435dafdbf794ba3be149ca97a07a160,28/10/2020,OUTUBRO,QUARTA-FEIRA,15,0
134900157,cd8b1e4377334ed198a37780f49fa2fe,08/10/2020,OUTUBRO,QUINTA-FEIRA,14,0
44492780,5752221717994b2dada61786c6e4a372,05/05/2020,MAIO,TERCA-FEIRA,11,1
45227218,b41ceeb40da949169dce3e623c143f8f,03/06/2020,JUNHO,QUARTA-FEIRA,18,1
126816649,e2db970a519741d7a8b6455dcfb93357,23/05/2020,MAIO,SABADO,10,0
129801561,d3ba89973f5c4778bbdc6a8e408715d5,09/07/2020,JULHO,QUINTA-FEIRA,11,1
45190776,478f1d1946054e38a66fb3da38ef755e,02/06/2020,JUNHO,TERCA-FEIRA,13,1
134419735,8eeacd1cf2c74f18b15c2c0b819f33eb,30/09/2020,SETEMBRO,QUARTA-FEIRA,10,0
133270421,78ceb86e84eb4f08825f5a057bf8f3c3,10/09/2020,SETEMBRO,QUINTA-FEIRA,08,1
139325351,b75365c1ed964c6f9cd5dc65ff435bfb,03/12/2020,DEZEMBRO,QUINTA-FEIRA,16,0
125328959,d1e8667df91c4daea6763620aaac80bf,04/05/2020,MAIO,SEGUNDA-FEIRA,10,0
140533265,6c80da9b89c146759cf57fb11d281ae0,29/12/2020,DEZEMBRO,TERCA-FEIRA,14,1
133854117,78ceb86e84eb4f08825f5a057bf8f3c3,19/09/2020,SETEMBRO,SABADO,16,0
127788533,cd8b1e4377334ed198a37780f49fa2fe,08/06/2020,JUNHO,SEGUNDA-FEIRA,19,0
138419021,73cfb0eb9a4d4d59a181feaedc4a52a3,17/11/2020,NOVEMBRO,TERCA-FEIRA,14,1
137672527,951582be2c1a4394abd5908329388bf8,04/11/2020,NOVEMBRO,QUARTA-FEIRA,11,0
46660550,1c4dfc62745b430e8e5584632d6ed959,10/08/2020,AGOSTO,SEGUNDA-FEIRA,13,1
130178261,d02b3f88a772486385642416b78714cc,16/07/2020,JULHO,QUINTA-FEIRA,10,0
120186029,23723b5ae2b04710a45930c4fcb6458b,19/03/2020,MARCO,QUINTA-FEIRA,16,0
138995653,3a78c487bea845b08dfbfe607c308367,27/11/2020,NOVEMBRO,SEXTA-FEIRA,13,1
133909297,f17793b51e3c4d86ae1b9387599f219c,21/09/2020,SETEMBRO,SEGUNDA-FEIRA,10,0
128492927,7443a9ce923f4ad894106deb9a856065,22/06/2020,JUNHO,SEGUNDA-FEIRA,11,0
48521370,044b66daadb84aaf837dc5f3799571a4,30/11/2020,NOVEMBRO,SEGUNDA-FEIRA,17,1
139282757,bff29362da514dbe82cca218fe0e9176,03/12/2020,DEZEMBRO,QUINTA-FEIRA,10,1
48789404,ff4fd642886f46469fc7b6c8ab745239,22/12/2020,DEZEMBRO,TERCA-FEIRA,16,1
127295637,ba380fbc86a647bfbd2cd7df7db2f0de,01/06/2020,JUNHO,SEGUNDA-FEIRA,10,0
41807146,5ac87b2021e44cd99b2c7cf3b6da4b3b,25/03/2020,MARCO,QUARTA-FEIRA,17,1
48076316,b6442741752444f29d01b3ed12371807,06/11/2020,NOVEMBRO,SEXTA-FEIRA,12,1
131793863,3c97e5fb8cc7445fa09cc0fa4231a320,14/08/2020,AGOSTO,SEXTA-FEIRA,08,1
45005458,58b673cb07074f9e9fe710e6e0682d8b,24/05/2020,MAIO,DOMINGO,03,1
136615803,76e7529747ad4f03b60e2c1fb1ff6f59,16/10/2020,OUTUBRO,SEXTA-FEIRA,12,0
47535278,fdf4d2eebdce4edb86bfc106b1224254,30/09/2020,SETEMBRO,QUARTA-FEIRA,10,1
47934248,86a93179129a49e194a73ffc696710b9,27/10/2020,OUTUBRO,TERCA-FEIRA,14,1
137785139,d8e8d6d11315455299baa6c3a5b0da64,05/11/2020,NOVEMBRO,QUINTA-FEIRA,14,0
42004810,40897170c9d547c583fbbf0492cc78df,01/04/2020,ABRIL,QUARTA-FEIRA,22,1
139908099,bf48a499f69f4e7ebde26d4920a3c623,15/12/2020,DEZEMBRO,TERCA-FEIRA,15,0
133374445,802bab96638043039942bba20f7e03e0,11/09/2020,SETEMBRO,SEXTA-FEIRA,14,0
48738706,d04f76b9b5014464afd44cc3fb32be83,17/12/2020,DEZEMBRO,QUINTA-FEIRA,19,1
140308189,8f0cc5993b464fdca4aded12b34e4768,23/12/2020,DEZEMBRO,QUARTA-FEIRA,12,0
128856429,42d1cb59ef354394bb17795f82679f15,26/06/2020,JUNHO,SEXTA-FEIRA,10,1
118657339,d8d08d7850134a1da0ca527e337b44b7,24/02/2020,FEVEREIRO,SEGUNDA-FEIRA,14,1
48638994,ed91f9a6016e49f68dd99e38c41d8a71,11/12/2020,DEZEMBRO,SEXTA-FEIRA,19,1
41579126,6de2b616ee124331b828d516ee54164d,14/03/2020,MARCO,SABADO,00,1
137442597,9febe9e0b61545898d8cc0009c541653,30/10/2020,OUTUBRO,SEXTA-FEIRA,17,1
140686685,0f5a23e366434e6381873d02f61d6da9,31/12/2020,DEZEMBRO,QUINTA-FEIRA,15,1
41897954,191148ff29c64629b1edf90bfb721256,30/03/2020,MARCO,SEGUNDA-FEIRA,11,1
138214057,a34292e443474c678501176be35bcac7,13/11/2020,NOVEMBRO,SEXTA-FEIRA,14,1
137137591,0b323f0ac43e4d39b4f979cbab1e4690,26/10/2020,OUTUBRO,SEGUNDA-FEIRA,11,0
48550668,49699183fea34998bebab46ffcc23eae,03/12/2020,DEZEMBRO,QUINTA-FEIRA,10,1
122121001,7af144d5f2e64a598707726ebf853529,07/04/2020,ABRIL,TERCA-FEIRA,21,1
135083529,2db37f5e1ef9428ea7cd5862f99e6792,12/10/2020,OUTUBRO,SEGUNDA-FEIRA,15,0
133873381,17d932e6fbb1454b92c48bad8b148806,20/09/2020,SETEMBRO,DOMINGO,12,0
119067709,56daf308a56a40f598c9a8f98342e0c8,02/03/2020,MARCO,SEGUNDA-FEIRA,10,0
125940211,2635f802d278433e88d882ef9607992c,11/05/2020,MAIO,SEGUNDA-FEIRA,17,0
132968487,5ba6e3dd1f39490bbea5ca26f50a79e2,04/09/2020,SETEMBRO,SEXTA-FEIRA,14,1
130245199,76e7529747ad4f03b60e2c1fb1ff6f59,17/07/2020,JULHO,SEXTA-FEIRA,08,0
48856074,d3ed306efb4e4bd583eca8fc686c7b63,30/12/2020,DEZEMBRO,QUARTA-FEIRA,10,1
125956159,c7aaaa96059c457690d888a79fdbcb3c,12/05/2020,MAIO,TERCA-FEIRA,07,1
46859510,730c63080e0e4473a8807c5d1363165b,26/08/2020,AGOSTO,QUARTA-FEIRA,17,1
124009131,17d932e6fbb1454b92c48bad8b148806,23/04/2020,ABRIL,QUINTA-FEIRA,11,0
41680550,5752221717994b2dada61786c6e4a372,20/03/2020,MARCO,SEXTA-FEIRA,09,1
48840696,bf48a499f69f4e7ebde26d4920a3c623,29/12/2020,DEZEMBRO,TERCA-FEIRA,12,1
138225053,3435dafdbf794ba3be149ca97a07a160,13/11/2020,NOVEMBRO,SEXTA-FEIRA,16,0
123860365,c4a2f69f8c2e40a29bca3d95ac3ba316,21/04/2020,ABRIL,TERCA-FEIRA,12,1
136691011,226f632dd8754fc6b99594cc6b1fcb0a,19/10/2020,OUTUBRO,SEGUNDA-FEIRA,09,1
45311912,224b304199ed4c35b74e09a367e4a38c,08/06/2020,JUNHO,SEGUNDA-FEIRA,18,1
43472614,c9a9da11556d4fd8b52c29febb7e2e83,20/04/2020,ABRIL,SEGUNDA-FEIRA,20,1
48352494,30b73979f70541d6857e2f86872adfed,17/11/2020,NOVEMBRO,TERCA-FEIRA,10,1
132964661,c377eca363c245a080bb219f56d31f4b,04/09/2020,SETEMBRO,SEXTA-FEIRA,13,0
137118527,93d41d2c7e8a4f3b9a71cd9254b05f4f,25/10/2020,OUTUBRO,DOMINGO,18,0
41430662,d3ed306efb4e4bd583eca8fc686c7b63,05/03/2020,MARCO,QUINTA-FEIRA,06,1
139007955,056d32ffaff0404abbf2d11981967360,27/11/2020,NOVEMBRO,SEXTA-FEIRA,14,1
139112111,ac1808087e9a4f5bb083937aba3e5530,30/11/2020,NOVEMBRO,SEGUNDA-FEIRA,12,1
119201941,f04b82907d58474dac86d748087fbd95,03/03/2020,MARCO,TERCA-FEIRA,14,1
125394299,e97f09003903453a81269cb1996d2ced,04/05/2020,MAIO,SEGUNDA-FEIRA,16,0
131426687,b41ceeb40da949169dce3e623c143f8f,06/08/2020,AGOSTO,QUINTA-FEIRA,16,0
118424915,e29dad34c6254fc3a2639ff50e9db456,20/02/2020,FEVEREIRO,QUINTA-FEIRA,12,0
48568828,044b66daadb84aaf837dc5f3799571a4,04/12/2020,DEZEMBRO,SEXTA-FEIRA,13,1
138437453,6acbd140cb63435fb203607188a3b2f3,17/11/2020,NOVEMBRO,TERCA-FEIRA,17,0
138158047,6de2b616ee124331b828d516ee54164d,12/11/2020,NOVEMBRO,QUINTA-FEIRA,16,1
41789508,fef1d086633e4e31a8d061d7cdfce6c9,25/03/2020,MARCO,QUARTA-FEIRA,09,1
41646778,84eebe3b193842729006d6670b51e5f4,19/03/2020,MARCO,QUINTA-FEIRA,11,1
124800533,1d2fa730ddfb4d05b12ceaa66c1ead3b,29/04/2020,ABRIL,QUARTA-FEIRA,10,0
139363119,c377eca363c245a080bb219f56d31f4b,04/12/2020,DEZEMBRO,SEXTA-FEIRA,12,1
125639769,0688dba18bbc4e9ab8cbf2c92703659b,07/05/2020,MAIO,QUINTA-FEIRA,12,1
140275765,72e08d08e7534edd8f791f339341df2a,22/12/2020,DEZEMBRO,TERCA-FEIRA,18,1
139632627,5c2d686d79474843bb41b51d4da5c7f5,10/12/2020,DEZEMBRO,QUINTA-FEIRA,11,0
41749130,90f974e257e049fba64be79d25b2bb41,23/03/2020,MARCO,SEGUNDA-FEIRA,21,1
139589521,06227ad00fdd41b9826803e378f1d0d1,09/12/2020,DEZEMBRO,QUARTA-FEIRA,15,1
132990045,3a78c487bea845b08dfbfe607c308367,04/09/2020,SETEMBRO,SEXTA-FEIRA,18,0
125808281,15155fa725f048b3a4c6b3b10a7aa733,09/05/2020,MAIO,SABADO,18,0
134972117,1e205e0ebf0f4974beb2e260cd4b8ca8,09/10/2020,OUTUBRO,SEXTA-FEIRA,14,1
46454368,be2f667e703045ce91883641e8c6c0fe,20/07/2020,JULHO,SEGUNDA-FEIRA,14,1
131863831,e43408e0cde14bb0a8fc10be69cb95d4,15/08/2020,AGOSTO,SABADO,13,0
134412225,66785aa3d3134e7588c109eded1645dd,30/09/2020,SETEMBRO,QUARTA-FEIRA,09,1
120163179,59fc44b7a1f6493fbb957d92edc3a7f9,19/03/2020,MARCO,QUINTA-FEIRA,13,0
48573876,6b1bc926baf34b37ad9b2030a197ae03,04/12/2020,DEZEMBRO,SEXTA-FEIRA,17,1
46867470,730c63080e0e4473a8807c5d1363165b,27/08/2020,AGOSTO,QUINTA-FEIRA,14,1
122248321,cd8b1e4377334ed198a37780f49fa2fe,08/04/2020,ABRIL,QUARTA-FEIRA,13,0
126930537,bf4bff21864f48c6ae50a46e49992e93,26/05/2020,MAIO,TERCA-FEIRA,08,0
126153845,9aa5025024934cf3abd809c6f812d48d,14/05/2020,MAIO,QUINTA-FEIRA,16,0
131626175,256fbb9a30f74256ae6808e95a1b1501,11/08/2020,AGOSTO,TERCA-FEIRA,11,1
136692741,87adca903e4143edb420f433427bd636,19/10/2020,OUTUBRO,SEGUNDA-FEIRA,09,0
118860107,33d2612838214102992f5409a8186428,27/02/2020,FEVEREIRO,QUINTA-FEIRA,13,1
137705359,96209be971804c04a1360732bc7b21f1,04/11/2020,NOVEMBRO,QUARTA-FEIRA,15,0
138515931,8f6c18ab48844042a2f5bcb1124ca8af,18/11/2020,NOVEMBRO,QUARTA-FEIRA,17,0
134832331,2376dda8ce3e443298abb841278b16b5,07/10/2020,OUTUBRO,QUARTA-FEIRA,14,1
131023455,019d690a96604a049ed58eea48a732a1,30/07/2020,JULHO,QUINTA-FEIRA,20,1
47753552,564e19b1b2464066b728f755c92dd673,15/10/2020,OUTUBRO,QUINTA-FEIRA,13,1
46430634,15981485c0ea4780b8d28454f214b24d,16/07/2020,JULHO,QUINTA-FEIRA,17,1
120067753,23723b5ae2b04710a45930c4fcb6458b,18/03/2020,MARCO,QUARTA-FEIRA,12,0
119471049,84eebe3b193842729006d6670b51e5f4,08/03/2020,MARCO,DOMINGO,18,0
117380403,db38d20b198743e186a35890d6b640f3,07/02/2020,FEVEREIRO,SEXTA-FEIRA,10,0
127629033,f81decd94e654909b8a7d7c5cf4ca180,05/06/2020,JUNHO,SEXTA-FEIRA,11,1
47275486,d6d15f0a48b04683bd06c60526e9f0c1,15/09/2020,SETEMBRO,TERCA-FEIRA,23,1
132030383,2b001b44991a419ca4ae440b3778f662,19/08/2020,AGOSTO,QUARTA-FEIRA,11,1
129451135,78ceb86e84eb4f08825f5a057bf8f3c3,03/07/2020,JULHO,SEXTA-FEIRA,18,1
140267895,098903d9d01744d68b08297d97a424ad,22/12/2020,DEZEMBRO,TERCA-FEIRA,16,1
129979633,48b585eeaaa74f49b4999153be898901,13/07/2020,JULHO,SEGUNDA-FEIRA,12,1
41921124,665bdef8b2c745189d81a77d3eacbf8a,30/03/2020,MARCO,SEGUNDA-FEIRA,23,1
138236589,ea112308d00446cd811c8ec5302d06fc,13/11/2020,NOVEMBRO,SEXTA-FEIRA,18,1
137695007,96209be971804c04a1360732bc7b21f1,04/11/2020,NOVEMBRO,QUARTA-FEIRA,14,0
124883589,5752221717994b2dada61786c6e4a372,30/04/2020,ABRIL,QUINTA-FEIRA,09,1
48065586,1e8fac876f6c48a2883ffc909a0da425,05/11/2020,NOVEMBRO,QUINTA-FEIRA,15,1
138048309,3ce7e7e0adcd40d3a869259d87e19637,11/11/2020,NOVEMBRO,QUARTA-FEIRA,09,0
47546790,b608617d1ac44c3884165e99c0781d9f,30/09/2020,SETEMBRO,QUARTA-FEIRA,19,1
134566457,44823c22021244dcb746240dbde2e4a6,02/10/2020,OUTUBRO,SEXTA-FEIRA,10,1
45245704,0688dba18bbc4e9ab8cbf2c92703659b,04/06/2020,JUNHO,QUINTA-FEIRA,16,1
129254967,2afcdbd220c940388219220e35a436c7,01/07/2020,JULHO,QUARTA-FEIRA,10,1
46438332,b031e00ca6454509b2197223836db49d,17/07/2020,JULHO,SEXTA-FEIRA,11,1
47937318,50c93567854d4a70b1dba545dc825ba6,27/10/2020,OUTUBRO,TERCA-FEIRA,16,1
123837989,2ae532f9b03944229f9eeaf61f0a89c9,21/04/2020,ABRIL,TERCA-FEIRA,10,1
139967071,5201314d3f22452a83a61ac27e13c069,16/12/2020,DEZEMBRO,QUARTA-FEIRA,15,1
138824511,4b5c39e428154dfa8b95417c6cd5e7c4,24/11/2020,NOVEMBRO,TERCA-FEIRA,16,1
138099107,f0cb5e3c1cac4fc18313931faf2421f2,11/11/2020,NOVEMBRO,QUARTA-FEIRA,17,1
124746641,c8c6f83d84d3442cb13cff48938984f4,28/04/2020,ABRIL,TERCA-FEIRA,14,0
137042947,abbafced7cde4634ade4de593e527f3e,23/10/2020,OUTUBRO,SEXTA-FEIRA,15,0
48399460,be2f667e703045ce91883641e8c6c0fe,19/11/2020,NOVEMBRO,QUINTA-FEIRA,19,1
138558075,7232fbe49bff4725aa125974bd98ac4f,19/11/2020,NOVEMBRO,QUINTA-FEIRA,12,1
134975769,eab8fbcc286f4561aa6f74301c16572c,09/10/2020,OUTUBRO,SEXTA-FEIRA,14,0
45027592,1437e2bb87524a91b6e55dc4ef694937,25/05/2020,MAIO,SEGUNDA-FEIRA,17,1
47932260,0688dba18bbc4e9ab8cbf2c92703659b,27/10/2020,OUTUBRO,TERCA-FEIRA,13,1
132466875,730c63080e0e4473a8807c5d1363165b,27/08/2020,AGOSTO,QUINTA-FEIRA,09,0
48335916,a79682378e474d7fa5a481fd20253b46,16/11/2020,NOVEMBRO,SEGUNDA-FEIRA,12,1
133523983,cb949bcaa5f34e4fbba989caae0ab3ca,15/09/2020,SETEMBRO,TERCA-FEIRA,09,0
139707363,49699183fea34998bebab46ffcc23eae,11/12/2020,DEZEMBRO,SEXTA-FEIRA,12,1
132429947,1462126536af4766a10721c2d28954cd,26/08/2020,AGOSTO,QUARTA-FEIRA,14,0
46015210,7ad2ca11c66146888d0f48b802903f80,28/06/2020,JUNHO,DOMINGO,11,1
139350701,84e4de8dda4f4909b0d7890554e6394b,04/12/2020,DEZEMBRO,SEXTA-FEIRA,10,0
134363783,f2b98872b97642568c5c3441dc4e73ef,29/09/2020,SETEMBRO,TERCA-FEIRA,12,0
122326089,5a7c9eb3bc184df38c590ee1ed7bbf97,08/04/2020,ABRIL,QUARTA-FEIRA,18,0
48788360,2ef2062f707c40a89ae0de5a5f96e5aa,22/12/2020,DEZEMBRO,TERCA-FEIRA,16,1
127074327,0aa9e4852ad14d0384b7cde5d6dcdb6d,27/05/2020,MAIO,QUARTA-FEIRA,16,0
41425228,d498da926d36460a9ff22c6ffc51d15e,04/03/2020,MARCO,QUARTA-FEIRA,15,1
116638313,cd8b1e4377334ed198a37780f49fa2fe,31/01/2020,JANEIRO,SEXTA-FEIRA,16,0
126079803,42ecc943d5a64a1f82ddb71834a7ab52,13/05/2020,MAIO,QUARTA-FEIRA,15,0
138917543,6074e293fcb74a91ad0ed6a61262fce4,26/11/2020,NOVEMBRO,QUINTA-FEIRA,11,1
46892252,e4613043efdd4a36b3b8f6c125ddf393,28/08/2020,AGOSTO,SEXTA-FEIRA,11,1
45817808,ff4fd642886f46469fc7b6c8ab745239,23/06/2020,JUNHO,TERCA-FEIRA,15,1
134066515,25bf7557861f40f69d801b12a58ee28c,23/09/2020,SETEMBRO,QUARTA-FEIRA,15,0
46446794,c829a5e0c23147c9854ccf3f2043d7ea,18/07/2020,JULHO,SABADO,16,1
122679765,5dc41925bc48492baae549f174c2dd9b,12/04/2020,ABRIL,DOMINGO,21,0
139670291,e87d305b09c7405a8e5e121d820b693d,10/12/2020,DEZEMBRO,QUINTA-FEIRA,17,1
124980561,270043c950d640df8904ddd376a8c3de,01/05/2020,MAIO,SEXTA-FEIRA,13,0
118660909,f04b82907d58474dac86d748087fbd95,24/02/2020,FEVEREIRO,SEGUNDA-FEIRA,14,1
128148333,c4abac3d07954e3ba8e0bed46a093311,16/06/2020,JUNHO,TERCA-FEIRA,14,1
137712539,e7dd21761e5e4d2e938d87f5665316ed,04/11/2020,NOVEMBRO,QUARTA-FEIRA,16,0
126085657,776871c9b81b4998aa63a04b0311977a,13/05/2020,MAIO,QUARTA-FEIRA,17,0
48564204,c7b313fae6e94c54814e8b4afe6de275,04/12/2020,DEZEMBRO,SEXTA-FEIRA,09,1
138554575,62ad174a8ca04596b04eae076ea04c4a,19/11/2020,NOVEMBRO,QUINTA-FEIRA,11,1
132768421,d02b3f88a772486385642416b78714cc,01/09/2020,SETEMBRO,TERCA-FEIRA,15,0
42154478,fc203b49141948f6978ee2ce9b20b60f,07/04/2020,ABRIL,TERCA-FEIRA,21,1
130416381,3617d2498c984ecab3932da030a0fcf5,20/07/2020,JULHO,SEGUNDA-FEIRA,18,0
125585415,4694534a1101482b927c45d08d44e4b0,06/05/2020,MAIO,QUARTA-FEIRA,15,1
119295135,bf4bff21864f48c6ae50a46e49992e93,04/03/2020,MARCO,QUARTA-FEIRA,15,1
130143921,d6d15f0a48b04683bd06c60526e9f0c1,15/07/2020,JULHO,QUARTA-FEIRA,15,1
124130373,76e7529747ad4f03b60e2c1fb1ff6f59,24/04/2020,ABRIL,SEXTA-FEIRA,18,0
118150465,342f6adede604e2d87d640288455a86c,17/02/2020,FEVEREIRO,SEGUNDA-FEIRA,09,1
45809854,4694534a1101482b927c45d08d44e4b0,23/06/2020,JUNHO,TERCA-FEIRA,12,1
138555291,3617d2498c984ecab3932da030a0fcf5,19/11/2020,NOVEMBRO,QUINTA-FEIRA,12,1
132572307,60ed128f63d741e69ac55060fc5e95a2,28/08/2020,AGOSTO,SEXTA-FEIRA,14,1
48711286,36e50d4331c844bb9ddedde726b7cafc,16/12/2020,DEZEMBRO,QUARTA-FEIRA,11,1
137681809,044b66daadb84aaf837dc5f3799571a4,04/11/2020,NOVEMBRO,QUARTA-FEIRA,12,1
119554481,4d37973b9cc44d4cace26e4a73ccca73,09/03/2020,MARCO,SEGUNDA-FEIRA,18,0
139685265,f4fb905811404fb3b5eb815420775df8,11/12/2020,DEZEMBRO,SEXTA-FEIRA,09,1
41050980,a4849b1984294b6c99b11aba3157d3aa,11/02/2020,FEVEREIRO,TERCA-FEIRA,21,1
134063631,569c804b0cbf4f328d1130301dfdcf13,23/09/2020,SETEMBRO,QUARTA-FEIRA,15,0
134598037,d6d15f0a48b04683bd06c60526e9f0c1,02/10/2020,OUTUBRO,SEXTA-FEIRA,12,1
130233105,5ce095386bc647a7b7c7734bb948ae79,16/07/2020,JULHO,QUINTA-FEIRA,18,0
139284947,038a243f206d43f0aa98721d1c450ca1,03/12/2020,DEZEMBRO,QUINTA-FEIRA,09,1
48581996,e0c29d0052bf4d61aa247f44c240712a,06/12/2020,DEZEMBRO,DOMINGO,23,1
138342593,97318e89db594647a86f6404daa7f67f,16/11/2020,NOVEMBRO,SEGUNDA-FEIRA,12,1
42035304,d3ba89973f5c4778bbdc6a8e408715d5,02/04/2020,ABRIL,QUINTA-FEIRA,22,1
133056905,9dd041469b384707af584ef6721d7e15,07/09/2020,SETEMBRO,SEGUNDA-FEIRA,10,1
47561252,c09699189dd048089fd2816055d2c0e7,01/10/2020,OUTUBRO,QUINTA-FEIRA,14,1
117443787,59fc44b7a1f6493fbb957d92edc3a7f9,07/02/2020,FEVEREIRO,SEXTA-FEIRA,14,1
140601371,1687e9899f9c45b7a5181f4858a03bcc,30/12/2020,DEZEMBRO,QUARTA-FEIRA,13,1
130397385,9dbf16e0fb884746a9059f4ca430e1a7,20/07/2020,JULHO,SEGUNDA-FEIRA,15,1
47154334,5c2bac0bca184ecda0287d24fc854011,08/09/2020,SETEMBRO,TERCA-FEIRA,21,1
140436617,951ad24fc3c54f8fa80b06d4661e2252,28/12/2020,DEZEMBRO,SEGUNDA-FEIRA,11,1
48118750,4c5738ac72a54e18bcc356f8d5716853,10/11/2020,NOVEMBRO,TERCA-FEIRA,07,1
48405958,ba380fbc86a647bfbd2cd7df7db2f0de,20/11/2020,NOVEMBRO,SEXTA-FEIRA,11,1
127670143,a34292e443474c678501176be35bcac7,05/06/2020,JUNHO,SEXTA-FEIRA,18,1
140603311,3cb62558262745918722a58ff3bee0d6,30/12/2020,DEZEMBRO,QUARTA-FEIRA,14,1
138619735,6d01ae7b065142189b6ef274f9eaa51f,20/11/2020,NOVEMBRO,SEXTA-FEIRA,11,0
117172245,50c93567854d4a70b1dba545dc825ba6,05/02/2020,FEVEREIRO,QUARTA-FEIRA,17,1
127725605,24ea23283533434bb6055b1e9117dde4,08/06/2020,JUNHO,SEGUNDA-FEIRA,09,1
138418441,4a7becbbd1854746bd95b7a65a90426c,17/11/2020,NOVEMBRO,TERCA-FEIRA,14,1
121992815,c4e39de3479642398364851216b113d5,06/04/2020,ABRIL,SEGUNDA-FEIRA,16,0
137684649,1e205e0ebf0f4974beb2e260cd4b8ca8,04/11/2020,NOVEMBRO,QUARTA-FEIRA,13,1
132938821,f0cb5e3c1cac4fc18313931faf2421f2,04/09/2020,SETEMBRO,SEXTA-FEIRA,10,1
137536473,8eeacd1cf2c74f18b15c2c0b819f33eb,02/11/2020,NOVEMBRO,SEGUNDA-FEIRA,12,0
48581888,304acc1b8894498c82dd1092e7d86849,06/12/2020,DEZEMBRO,DOMINGO,21,1
44717202,97c6a29dba404f14b69587ce9070f5ea,14/05/2020,MAIO,QUINTA-FEIRA,09,1
128576241,05255fbf3dbc4ac0932efc0295a3863b,23/06/2020,JUNHO,TERCA-FEIRA,11,1
124847381,3d710a428e0845f7a3a240c28ca618bb,29/04/2020,ABRIL,QUARTA-FEIRA,15,1
133577057,0721c3a573b8414d9b0518b7660d7de2,16/09/2020,SETEMBRO,QUARTA-FEIRA,08,1
137969589,de077c13fd83467ab2ddb1267a9f99ef,09/11/2020,NOVEMBRO,SEGUNDA-FEIRA,17,1
116737759,e87d305b09c7405a8e5e121d820b693d,02/02/2020,FEVEREIRO,DOMINGO,20,1
134799657,84e4de8dda4f4909b0d7890554e6394b,07/10/2020,OUTUBRO,QUARTA-FEIRA,10,0
134911707,aece8b84c55a466c8ce1dcc30747291c,08/10/2020,OUTUBRO,QUINTA-FEIRA,15,1
41689590,af85bcb82c4f427ca5634d200e10c898,20/03/2020,MARCO,SEXTA-FEIRA,13,1
133378389,c09699189dd048089fd2816055d2c0e7,11/09/2020,SETEMBRO,SEXTA-FEIRA,14,1
41886766,e0c29d0052bf4d61aa247f44c240712a,29/03/2020,MARCO,DOMINGO,11,1
121040061,dd63273b339f4d22aecadacfdce6348e,29/03/2020,MARCO,DOMINGO,14,1
136845711,d543ecc6d8c94c3b98769687cbc6e1b5,21/10/2020,OUTUBRO,QUARTA-FEIRA,09,1
137795383,5855a4da1dfd45febb31ea88ba1f74b3,06/11/2020,NOVEMBRO,SEXTA-FEIRA,09,1
134110063,dda0ab0504594ce49a02b1dbfb406c12,24/09/2020,SETEMBRO,QUINTA-FEIRA,12,0
138435729,94df02245f274e44971470a8554fe87d,17/11/2020,NOVEMBRO,TERCA-FEIRA,16,1
41811446,4694534a1101482b927c45d08d44e4b0,25/03/2020,MARCO,QUARTA-FEIRA,19,1
48373296,0416967d360143d6b092f6e122f1b98a,18/11/2020,NOVEMBRO,QUARTA-FEIRA,11,1
121372913,564e19b1b2464066b728f755c92dd673,01/04/2020,ABRIL,QUARTA-FEIRA,08,0
134381463,78ceb86e84eb4f08825f5a057bf8f3c3,29/09/2020,SETEMBRO,TERCA-FEIRA,16,0
40077266,73eaf2f4bab2436e9466d07571c68764,29/01/2020,JANEIRO,QUARTA-FEIRA,15,1
133120889,d6d15f0a48b04683bd06c60526e9f0c1,08/09/2020,SETEMBRO,TERCA-FEIRA,09,1
127413465,d3ba89973f5c4778bbdc6a8e408715d5,02/06/2020,JUNHO,TERCA-FEIRA,14,1
45907208,500b9bf864ff46f99ec630543c7c0bb9,25/06/2020,JUNHO,QUINTA-FEIRA,10,1
139615253,ed91f9a6016e49f68dd99e38c41d8a71,10/12/2020,DEZEMBRO,QUINTA-FEIRA,08,1
133406083,8d25cdfaf2bf4141b0eb92cfc193ba18,12/09/2020,SETEMBRO,SABADO,09,0
40957232,2af312c3495043c492c127c1d5ff89fe,10/02/2020,FEVEREIRO,SEGUNDA-FEIRA,10,1
131184871,49699183fea34998bebab46ffcc23eae,03/08/2020,AGOSTO,SEGUNDA-FEIRA,12,0
134884029,d6d15f0a48b04683bd06c60526e9f0c1,08/10/2020,OUTUBRO,QUINTA-FEIRA,11,0
138467157,4858668d70e64543bc5c183b6217753b,18/11/2020,NOVEMBRO,QUARTA-FEIRA,10,1
119151989,7a6d3a80208d4d2ab22959b6a68663dc,02/03/2020,MARCO,SEGUNDA-FEIRA,20,0
120154217,fb7b32771cb34511b49ad593dfee016e,19/03/2020,MARCO,QUINTA-FEIRA,12,0
47737112,776b3cb9d8144952bd4f4d20321b3745,14/10/2020,OUTUBRO,QUARTA-FEIRA,16,1
44674020,c1ba7e770c554204ba48b8fef5d817b9,12/05/2020,MAIO,TERCA-FEIRA,14,1
116906525,fa7e253f3ce347cea79b1ea04bd297b4,04/02/2020,FEVEREIRO,TERCA-FEIRA,09,1
127920351,9a02e3747f23406cb075c610bde7554e,12/06/2020,JUNHO,SEXTA-FEIRA,09,1
45918186,256fbb9a30f74256ae6808e95a1b1501,25/06/2020,JUNHO,QUINTA-FEIRA,14,1
136996367,8f095357973f4033b46308c9213f9981,23/10/2020,OUTUBRO,SEXTA-FEIRA,09,1
124897729,1ca382fb705349feac5a7004d95cc658,30/04/2020,ABRIL,QUINTA-FEIRA,10,0
119326835,95b00d20994a4ca9ab776610edc52d78,04/03/2020,MARCO,QUARTA-FEIRA,23,0
129436235,1c4dfc62745b430e8e5584632d6ed959,03/07/2020,JULHO,SEXTA-FEIRA,15,0
46608106,2f3aa6f07bc74c2886139fea52c6b3d3,04/08/2020,AGOSTO,TERCA-FEIRA,16,1
139354349,e2db970a519741d7a8b6455dcfb93357,04/12/2020,DEZEMBRO,SEXTA-FEIRA,10,0
126797661,a8325b2a457148af8c5e3d9f6664b783,22/05/2020,MAIO,SEXTA-FEIRA,15,1
46755532,5520da44689f44ee9f1de0f3e6f9f2b8,18/08/2020,AGOSTO,TERCA-FEIRA,18,1
139619637,c8c6f83d84d3442cb13cff48938984f4,10/12/2020,DEZEMBRO,QUINTA-FEIRA,09,0
140426639,a1dec8a19a3348febec51d7905a9b760,28/12/2020,DEZEMBRO,SEGUNDA-FEIRA,10,1
140168837,1262199ecdb844038bd6c50e9bb765f5,21/12/2020,DEZEMBRO,SEGUNDA-FEIRA,08,1
41660100,62e5244abf4345ac8a3b0a70caa59972,19/03/2020,MARCO,QUINTA-FEIRA,13,1
127499533,1645ee6b29c747ea973f891fecc560d4,03/06/2020,JUNHO,QUARTA-FEIRA,15,1
134389927,3d614904cd1541d79e80b00f525e80b3,29/09/2020,SETEMBRO,TERCA-FEIRA,17,1
48349548,4a7becbbd1854746bd95b7a65a90426c,16/11/2020,NOVEMBRO,SEGUNDA-FEIRA,23,1
48669792,6cc9207bb02448e2b3cce1c80ee6bfeb,14/12/2020,DEZEMBRO,SEGUNDA-FEIRA,20,1
118220859,8f095357973f4033b46308c9213f9981,17/02/2020,FEVEREIRO,SEGUNDA-FEIRA,17,1
136845917,e66f98ecdbd848e7a4c00c90a15271ca,21/10/2020,OUTUBRO,QUARTA-FEIRA,10,0
129968369,270a3d5a6141454b9326e73e207cb870,13/07/2020,JULHO,SEGUNDA-FEIRA,10,1
42003232,40897170c9d547c583fbbf0492cc78df,01/04/2020,ABRIL,QUARTA-FEIRA,19,1
48385646,40897170c9d547c583fbbf0492cc78df,19/11/2020,NOVEMBRO,QUINTA-FEIRA,07,1
48090292,c25aed14752040f0b1e37ce55610342d,07/11/2020,NOVEMBRO,SABADO,11,1
139700471,2b001b44991a419ca4ae440b3778f662,11/12/2020,DEZEMBRO,SEXTA-FEIRA,11,1
131918779,df1be23566ca48d28fe3b77277629337,17/08/2020,AGOSTO,SEGUNDA-FEIRA,13,1
48847298,13f50698b9244dc29dcf0b7b0320b15d,29/12/2020,DEZEMBRO,TERCA-FEIRA,16,1
48640278,41ee1f1959324992b9792c09ebbe5194,11/12/2020,DEZEMBRO,SEXTA-FEIRA,20,1
132151907,2af312c3495043c492c127c1d5ff89fe,21/08/2020,AGOSTO,SEXTA-FEIRA,09,1
138165047,28569a7370d44b7fbe92134d90e9f330,12/11/2020,NOVEMBRO,QUINTA-FEIRA,15,1
123486721,cd8b1e4377334ed198a37780f49fa2fe,15/04/2020,ABRIL,QUARTA-FEIRA,15,0
125368817,25817d9f4ca24430bcbf1ecd621f7da6,04/05/2020,MAIO,SEGUNDA-FEIRA,13,1
137428055,ce0a48cf304344019d833c0f41f61a22,30/10/2020,OUTUBRO,SEXTA-FEIRA,14,1
134965909,f3d5ceb1e8bf4088bd24d1c37a2bc257,09/10/2020,OUTUBRO,SEXTA-FEIRA,13,0
117405561,2a850a31e8ba40229bf6d990379cc915,07/02/2020,FEVEREIRO,SEXTA-FEIRA,12,1
132985133,e7dd21761e5e4d2e938d87f5665316ed,04/09/2020,SETEMBRO,SEXTA-FEIRA,17,0
138478445,0416967d360143d6b092f6e122f1b98a,18/11/2020,NOVEMBRO,QUARTA-FEIRA,12,1
47991506,9febe9e0b61545898d8cc0009c541653,30/10/2020,OUTUBRO,SEXTA-FEIRA,19,1
137827167,b376532354a941bd84d1ae4bc765d0b3,06/11/2020,NOVEMBRO,SEXTA-FEIRA,15,0
138811417,298d4041d01f46ee982316724d9911de,24/11/2020,NOVEMBRO,TERCA-FEIRA,15,1
119374013,cd8b1e4377334ed198a37780f49fa2fe,05/03/2020,MARCO,QUINTA-FEIRA,16,0
133916559,25817d9f4ca24430bcbf1ecd621f7da6,21/09/2020,SETEMBRO,SEGUNDA-FEIRA,11,1
136950815,0f6d728e63f7480ca9e284689cd5c015,22/10/2020,OUTUBRO,QUINTA-FEIRA,13,1
138629235,727673e2245d441b9e2ef07f093d8d8d,20/11/2020,NOVEMBRO,SEXTA-FEIRA,13,0
132359023,b4ffb23176f64e188dbe8f9dfd6e111e,25/08/2020,AGOSTO,TERCA-FEIRA,15,0
139566879,05fe7708bc4343d5975defb718d10796,09/12/2020,DEZEMBRO,QUARTA-FEIRA,11,1
139545057,36f046bba88d46ae9f67e46c60323066,09/12/2020,DEZEMBRO,QUARTA-FEIRA,09,1
140464509,212b0363974e4b768655eb46e6183166,28/12/2020,DEZEMBRO,SEGUNDA-FEIRA,15,1
129016003,0688dba18bbc4e9ab8cbf2c92703659b,29/06/2020,JUNHO,SEGUNDA-FEIRA,11,1
134108321,342f6adede604e2d87d640288455a86c,24/09/2020,SETEMBRO,QUINTA-FEIRA,12,1
139730405,b9d8ea8021654c30a01f5bd266ac8eb0,11/12/2020,DEZEMBRO,SEXTA-FEIRA,15,0
123577173,a33736a206a04f0a945549b14909f118,16/04/2020,ABRIL,QUINTA-FEIRA,14,1
139329413,678eb85adcf34764b6fb302ecaa9b073,03/12/2020,DEZEMBRO,QUINTA-FEIRA,18,1
42003136,49699183fea34998bebab46ffcc23eae,01/04/2020,ABRIL,QUARTA-FEIRA,19,1
125353315,4af58c51a9874150922e795e04665cbf,04/05/2020,MAIO,SEGUNDA-FEIRA,13,0
139115621,84156c715f204ecf95f37feae2c0a4c2,30/11/2020,NOVEMBRO,SEGUNDA-FEIRA,12,0
121241023,4694534a1101482b927c45d08d44e4b0,31/03/2020,MARCO,TERCA-FEIRA,10,0
121223509,76e7529747ad4f03b60e2c1fb1ff6f59,31/03/2020,MARCO,TERCA-FEIRA,08,0
139326443,d5b0f1136bab47dda489d1eeaae9edf4,03/12/2020,DEZEMBRO,QUINTA-FEIRA,16,0
139427863,3d710a428e0845f7a3a240c28ca618bb,05/12/2020,DEZEMBRO,SABADO,17,0
131221253,5dc4626baf9a467f95d9579c98d63524,03/08/2020,AGOSTO,SEGUNDA-FEIRA,18,1
48451774,fba30040e4a5475ab57bb79da5f81a81,24/11/2020,NOVEMBRO,TERCA-FEIRA,17,1
48349294,be2f667e703045ce91883641e8c6c0fe,16/11/2020,NOVEMBRO,SEGUNDA-FEIRA,21,1
140564387,f746244e419c4f84828ec7cc279c227f,29/12/2020,DEZEMBRO,TERCA-FEIRA,19,0
134552027,60ed128f63d741e69ac55060fc5e95a2,02/10/2020,OUTUBRO,SEXTA-FEIRA,07,0
127786947,c01cf162fd6b4c008d0a3b53acd462c8,08/06/2020,JUNHO,SEGUNDA-FEIRA,20,0
124674703,cb284f17b2394444a92357e0742fa42c,27/04/2020,ABRIL,SEGUNDA-FEIRA,16,1
47174250,5520da44689f44ee9f1de0f3e6f9f2b8,10/09/2020,SETEMBRO,QUINTA-FEIRA,09,1
121276107,78ceb86e84eb4f08825f5a057bf8f3c3,31/03/2020,MARCO,TERCA-FEIRA,12,0
139982263,e982f0f463944209960332d10e10618e,16/12/2020,DEZEMBRO,QUARTA-FEIRA,16,1
140420281,cca7d4dd91254ebfbd264592eb34b4c6,28/12/2020,DEZEMBRO,SEGUNDA-FEIRA,09,1
48778776,f0e590a19c954e499eb5501dd62afdc0,21/12/2020,DEZEMBRO,SEGUNDA-FEIRA,23,1
48580996,05fe7708bc4343d5975defb718d10796,06/12/2020,DEZEMBRO,DOMINGO,18,1
116247281,298d4041d01f46ee982316724d9911de,28/01/2020,JANEIRO,TERCA-FEIRA,10,0
137797295,1e38b0d5026f4d7d8d4440ef95271e68,06/11/2020,NOVEMBRO,SEXTA-FEIRA,10,1
47841552,4694534a1101482b927c45d08d44e4b0,21/10/2020,OUTUBRO,QUARTA-FEIRA,12,1
138077825,40e217f44f1a412b83ee8ace2a508565,11/11/2020,NOVEMBRO,QUARTA-FEIRA,14,1
131029821,76e7529747ad4f03b60e2c1fb1ff6f59,31/07/2020,JULHO,SEXTA-FEIRA,07,0
41355304,86bc0a74ac0847a9b66a15227a9a4a66,29/02/2020,FEVEREIRO,SABADO,17,1
134363943,78ceb86e84eb4f08825f5a057bf8f3c3,29/09/2020,SETEMBRO,TERCA-FEIRA,12,0
137754255,d8e8d6d11315455299baa6c3a5b0da64,05/11/2020,NOVEMBRO,QUINTA-FEIRA,13,0
42077032,bf4bff21864f48c6ae50a46e49992e93,04/04/2020,ABRIL,SABADO,17,1
126361657,39e44c0942824f99bfa6de1108598f79,18/05/2020,MAIO,SEGUNDA-FEIRA,11,0
133932701,c4a2f69f8c2e40a29bca3d95ac3ba316,21/09/2020,SETEMBRO,SEGUNDA-FEIRA,13,1
139660867,b0665056a0884f1b888dddd75974544d,10/12/2020,DEZEMBRO,QUINTA-FEIRA,15,1
122908075,39e44c0942824f99bfa6de1108598f79,13/04/2020,ABRIL,SEGUNDA-FEIRA,15,0
140463917,ed861844169d4945b4cc315aa09805f9,28/12/2020,DEZEMBRO,SEGUNDA-FEIRA,15,0
130499345,5752221717994b2dada61786c6e4a372,22/07/2020,JULHO,QUARTA-FEIRA,08,0
133596697,3d614904cd1541d79e80b00f525e80b3,16/09/2020,SETEMBRO,QUARTA-FEIRA,11,0
48825248,bf41067a14264842882d349b2318befd,28/12/2020,DEZEMBRO,SEGUNDA-FEIRA,11,1
118832139,d015b7766a724f489a3d970fd65d9dbf,27/02/2020,FEVEREIRO,QUINTA-FEIRA,10,0
120376073,67b407d35549464492c3ab215d946c3d,22/03/2020,MARCO,DOMINGO,20,1
48323630,3435dafdbf794ba3be149ca97a07a160,15/11/2020,NOVEMBRO,DOMINGO,11,1
127340609,776871c9b81b4998aa63a04b0311977a,01/06/2020,JUNHO,SEGUNDA-FEIRA,15,1
138785773,595f293a11a848cfbc6eaf0474b5e7d2,24/11/2020,NOVEMBRO,TERCA-FEIRA,10,1
46333538,d6d15f0a48b04683bd06c60526e9f0c1,10/07/2020,JULHO,SEXTA-FEIRA,08,1
139925547,999dc7e2ad0640419092fff1fa72e05c,15/12/2020,DEZEMBRO,TERCA-FEIRA,22,1
129401431,b568bb096e4e41358931d0d33da25e08,03/07/2020,JULHO,SEXTA-FEIRA,10,1
140070657,3b00af72b9b144c586509ea6dfb72f5c,18/12/2020,DEZEMBRO,SEXTA-FEIRA,11,1
119799991,c6afedd6a9ee4b6c95b140613c52d47c,13/03/2020,MARCO,SEXTA-FEIRA,09,0
48071982,13b74bc9b8d0424493f30532ed46c520,05/11/2020,NOVEMBRO,QUINTA-FEIRA,23,1
42249188,5545de7562fd4c6596b727eb9a8fd26f,08/04/2020,ABRIL,QUARTA-FEIRA,11,1
46447988,3435dafdbf794ba3be149ca97a07a160,19/07/2020,JULHO,DOMINGO,22,1
47517948,d6d15f0a48b04683bd06c60526e9f0c1,29/09/2020,SETEMBRO,TERCA-FEIRA,09,1
139286469,d4e93a33023c46c09c1796d65c77c7be,03/12/2020,DEZEMBRO,QUINTA-FEIRA,10,0
138193883,de077c13fd83467ab2ddb1267a9f99ef,13/11/2020,NOVEMBRO,SEXTA-FEIRA,11,1
139393691,28569a7370d44b7fbe92134d90e9f330,04/12/2020,DEZEMBRO,SEXTA-FEIRA,16,1
138003603,eab8fbcc286f4561aa6f74301c16572c,10/11/2020,NOVEMBRO,TERCA-FEIRA,13,1
138487499,aa414af793d143e799b672a39065edd0,18/11/2020,NOVEMBRO,QUARTA-FEIRA,13,1
117166255,f04b82907d58474dac86d748087fbd95,05/02/2020,FEVEREIRO,QUARTA-FEIRA,17,1
119075903,3cc65c21a5dd4a1f8a1d6bf9efd7bea6,02/03/2020,MARCO,SEGUNDA-FEIRA,11,1
47212256,40897170c9d547c583fbbf0492cc78df,11/09/2020,SETEMBRO,SEXTA-FEIRA,18,1
133670509,1c4dfc62745b430e8e5584632d6ed959,17/09/2020,SETEMBRO,QUINTA-FEIRA,12,1
133907677,49699183fea34998bebab46ffcc23eae,21/09/2020,SETEMBRO,SEGUNDA-FEIRA,09,1
131825689,de077c13fd83467ab2ddb1267a9f99ef,14/08/2020,AGOSTO,SEXTA-FEIRA,13,1
48375358,8f0fbab01586455d8b885d95d3539b09,18/11/2020,NOVEMBRO,QUARTA-FEIRA,13,1
132810983,aa414af793d143e799b672a39065edd0,02/09/2020,SETEMBRO,QUARTA-FEIRA,11,1
139012579,a147ab2e1c77418fb391ae84b2d5b401,27/11/2020,NOVEMBRO,SEXTA-FEIRA,15,1
44467738,776871c9b81b4998aa63a04b0311977a,04/05/2020,MAIO,SEGUNDA-FEIRA,15,1
123942611,7af144d5f2e64a598707726ebf853529,22/04/2020,ABRIL,QUARTA-FEIRA,13,0
130856149,64b2cf522c634d87ab3f317acb44caf1,28/07/2020,JULHO,TERCA-FEIRA,14,0
46507988,478f1d1946054e38a66fb3da38ef755e,24/07/2020,JULHO,SEXTA-FEIRA,15,1
137281663,6657241c0c5b4c48a049e86c34855bfc,28/10/2020,OUTUBRO,QUARTA-FEIRA,15,0
137182865,1c4dfc62745b430e8e5584632d6ed959,26/10/2020,OUTUBRO,SEGUNDA-FEIRA,22,0
139442497,15155fa725f048b3a4c6b3b10a7aa733,06/12/2020,DEZEMBRO,DOMINGO,14,1
137757689,3ce7e7e0adcd40d3a869259d87e19637,05/11/2020,NOVEMBRO,QUINTA-FEIRA,15,0
138555075,b9d4ae2a8d7c4d7185712e15463e9141,19/11/2020,NOVEMBRO,QUINTA-FEIRA,12,0
129243437,776b3cb9d8144952bd4f4d20321b3745,01/07/2020,JULHO,QUARTA-FEIRA,09,1
117056643,5dc4626baf9a467f95d9579c98d63524,05/02/2020,FEVEREIRO,QUARTA-FEIRA,10,1
45949190,b031e00ca6454509b2197223836db49d,26/06/2020,JUNHO,SEXTA-FEIRA,10,1
120287757,270043c950d640df8904ddd376a8c3de,20/03/2020,MARCO,SEXTA-FEIRA,15,0
41476036,a38797dbe0b3486c95a8350267f7b4bd,07/03/2020,MARCO,SABADO,18,1
137988449,3ce7e7e0adcd40d3a869259d87e19637,10/11/2020,NOVEMBRO,TERCA-FEIRA,09,1
47883180,156f2099ebd544d3879e6aa6bcf3e800,23/10/2020,OUTUBRO,SEXTA-FEIRA,11,1
118643529,15155fa725f048b3a4c6b3b10a7aa733,24/02/2020,FEVEREIRO,SEGUNDA-FEIRA,12,0
134097963,d33c6f99fffb4ec39c2f94c90db08781,24/09/2020,SETEMBRO,QUINTA-FEIRA,10,0
132435605,776b3cb9d8144952bd4f4d20321b3745,26/08/2020,AGOSTO,QUARTA-FEIRA,15,1
139930689,f7f7e58845f04146b567371d6400879a,16/12/2020,DEZEMBRO,QUARTA-FEIRA,08,1
44512556,224b304199ed4c35b74e09a367e4a38c,05/05/2020,MAIO,TERCA-FEIRA,20,1
138032101,a79682378e474d7fa5a481fd20253b46,10/11/2020,NOVEMBRO,TERCA-FEIRA,17,0
140098347,5c440e33b90b4705bb852da8e59844c5,18/12/2020,DEZEMBRO,SEXTA-FEIRA,14,1
48576232,342f6adede604e2d87d640288455a86c,04/12/2020,DEZEMBRO,SEXTA-FEIRA,20,1
117824801,ed0f5dd0b17a4e53ac7e9bfb51494e55,11/02/2020,FEVEREIRO,TERCA-FEIRA,14,0
136705767,7fbebe963cd04dfc94873434fca40f36,19/10/2020,OUTUBRO,SEGUNDA-FEIRA,11,1
124437815,17d932e6fbb1454b92c48bad8b148806,26/04/2020,ABRIL,DOMINGO,18,0
47251300,776871c9b81b4998aa63a04b0311977a,14/09/2020,SETEMBRO,SEGUNDA-FEIRA,23,1
118076579,29f0981acc12435f8d8b108e420b7591,14/02/2020,FEVEREIRO,SEXTA-FEIRA,15,1
140315495,56738bdf72bd4f70a8987df63bdf9a41,23/12/2020,DEZEMBRO,QUARTA-FEIRA,14,1
124443773,17d932e6fbb1454b92c48bad8b148806,26/04/2020,ABRIL,DOMINGO,18,0
132731437,facb0579f79c4bbb8fa87beb3da0049c,01/09/2020,SETEMBRO,TERCA-FEIRA,10,1
118076773,478f1d1946054e38a66fb3da38ef755e,14/02/2020,FEVEREIRO,SEXTA-FEIRA,15,1
45075918,f86a15d3c46b4ac19aa3654bb51f55fe,27/05/2020,MAIO,QUARTA-FEIRA,15,1
123668355,39e44c0942824f99bfa6de1108598f79,17/04/2020,ABRIL,SEXTA-FEIRA,15,1
136838827,d8d08d7850134a1da0ca527e337b44b7,21/10/2020,OUTUBRO,QUARTA-FEIRA,09,0
124069651,1eb40053b1c342aab6e052c74aa98748,24/04/2020,ABRIL,SEXTA-FEIRA,08,1
137632689,ea95245153af4a3ca16d348de21e154d,03/11/2020,NOVEMBRO,TERCA-FEIRA,16,0
47877240,b031e00ca6454509b2197223836db49d,22/10/2020,OUTUBRO,QUINTA-FEIRA,21,1
43384848,107c40186ad0458c974ea02e6681a665,16/04/2020,ABRIL,QUINTA-FEIRA,13,1
47983628,c4b634a30fff4d6b88488c440aaca690,30/10/2020,OUTUBRO,SEXTA-FEIRA,12,1
138520621,ea112308d00446cd811c8ec5302d06fc,18/11/2020,NOVEMBRO,QUARTA-FEIRA,18,0
140239425,b32e03cb123d4d088c8c604e8725b953,22/12/2020,DEZEMBRO,TERCA-FEIRA,11,0
120177333,939231f725a1408c9afec87aa7419f6f,19/03/2020,MARCO,QUINTA-FEIRA,15,0
139311289,c1dd4897029f4d689d8bf29190c87169,03/12/2020,DEZEMBRO,QUINTA-FEIRA,14,1
47625276,3a78c487bea845b08dfbfe607c308367,06/10/2020,OUTUBRO,TERCA-FEIRA,20,1
117721181,826e23c35be2453f91f4fcb2e718f3a0,10/02/2020,FEVEREIRO,SEGUNDA-FEIRA,14,0
47746492,efdbd5af90434276b90480399db5c8a9,15/10/2020,OUTUBRO,QUINTA-FEIRA,08,1
134537773,86bc0a74ac0847a9b66a15227a9a4a66,01/10/2020,OUTUBRO,QUINTA-FEIRA,16,0
139162847,ba3bdcfcf8f0496db4c6182552d52f3e,01/12/2020,DEZEMBRO,TERCA-FEIRA,10,0
117692289,a4849b1984294b6c99b11aba3157d3aa,10/02/2020,FEVEREIRO,SEGUNDA-FEIRA,13,0
133253647,191148ff29c64629b1edf90bfb721256,09/09/2020,SETEMBRO,QUARTA-FEIRA,17,1
40368286,5f3f3e35864d4fd09160c986784d3427,04/02/2020,FEVEREIRO,TERCA-FEIRA,14,1
134087581,3d614904cd1541d79e80b00f525e80b3,24/09/2020,SETEMBRO,QUINTA-FEIRA,09,0
130073749,fcd9fe7b1534450793296fb15e96161b,14/07/2020,JULHO,TERCA-FEIRA,15,0
130963297,84e4de8dda4f4909b0d7890554e6394b,30/07/2020,JULHO,QUINTA-FEIRA,09,0
47814550,50c93567854d4a70b1dba545dc825ba6,19/10/2020,OUTUBRO,SEGUNDA-FEIRA,23,1
46545996,3c97e5fb8cc7445fa09cc0fa4231a320,29/07/2020,JULHO,QUARTA-FEIRA,12,1
118990509,d1e8667df91c4daea6763620aaac80bf,28/02/2020,FEVEREIRO,SEXTA-FEIRA,20,0
139861099,f24852444d444a13852eead2d9b544ae,14/12/2020,DEZEMBRO,SEGUNDA-FEIRA,21,0
43379798,107c40186ad0458c974ea02e6681a665,16/04/2020,ABRIL,QUINTA-FEIRA,11,1
134742959,d02b3f88a772486385642416b78714cc,06/10/2020,OUTUBRO,TERCA-FEIRA,12,1
119444349,342f6adede604e2d87d640288455a86c,06/03/2020,MARCO,SEXTA-FEIRA,19,0
48344872,077824a687774584b5266dce03bc7340,16/11/2020,NOVEMBRO,SEGUNDA-FEIRA,18,1
46733894,de077c13fd83467ab2ddb1267a9f99ef,16/08/2020,AGOSTO,DOMINGO,19,1
44495252,224b304199ed4c35b74e09a367e4a38c,05/05/2020,MAIO,TERCA-FEIRA,11,1
137794979,39e44c0942824f99bfa6de1108598f79,06/11/2020,NOVEMBRO,SEXTA-FEIRA,09,1
121964499,41b9264bf2d3440590cbd38e47cfb3a2,06/04/2020,ABRIL,SEGUNDA-FEIRA,14,0
48475272,0416967d360143d6b092f6e122f1b98a,26/11/2020,NOVEMBRO,QUINTA-FEIRA,12,1
48471330,38d33a3ce7c040349753cad4973fd7db,26/11/2020,NOVEMBRO,QUINTA-FEIRA,07,1
127797909,1ca382fb705349feac5a7004d95cc658,09/06/2020,JUNHO,TERCA-FEIRA,08,0
134264939,d6d15f0a48b04683bd06c60526e9f0c1,28/09/2020,SETEMBRO,SEGUNDA-FEIRA,09,1
127568045,2e19846b2b5147c4b5daa11d4fd35a90,04/06/2020,JUNHO,QUINTA-FEIRA,13,1
139367651,f8ac210d18b64fd183d178e02916a600,04/12/2020,DEZEMBRO,SEXTA-FEIRA,12,1
137281169,852c6ea0ecaa431baf7584c5eab24bfd,28/10/2020,OUTUBRO,QUARTA-FEIRA,14,1
48470402,fa7e253f3ce347cea79b1ea04bd297b4,25/11/2020,NOVEMBRO,QUARTA-FEIRA,20,1
126126229,c162de451248401b94dc17e4d5bdc0df,14/05/2020,MAIO,QUINTA-FEIRA,12,0
137553315,f020611dd5234853859ae78912fd8c76,02/11/2020,NOVEMBRO,SEGUNDA-FEIRA,14,1
131118915,6c9ad3a80bae49b6a1bc8e788239e8f9,01/08/2020,AGOSTO,SABADO,15,1
134293153,d6d15f0a48b04683bd06c60526e9f0c1,28/09/2020,SETEMBRO,SEGUNDA-FEIRA,13,0
47316898,6cbeb3bcfc3d43949cfab9c159e46815,17/09/2020,SETEMBRO,QUINTA-FEIRA,20,1
131493981,c01cf162fd6b4c008d0a3b53acd462c8,07/08/2020,AGOSTO,SEXTA-FEIRA,17,0
44586986,62e5244abf4345ac8a3b0a70caa59972,07/05/2020,MAIO,QUINTA-FEIRA,22,1
130930419,d6d15f0a48b04683bd06c60526e9f0c1,29/07/2020,JULHO,QUARTA-FEIRA,15,1
140688579,d929b5656c4448f1a470565da55b68b4,31/12/2020,DEZEMBRO,QUINTA-FEIRA,15,1
138011421,dea3e4e1796d45cdaf9e4262aab54865,10/11/2020,NOVEMBRO,TERCA-FEIRA,14,0
139131469,8618dc41b1a64ff6b5e466019d252a4a,30/11/2020,NOVEMBRO,SEGUNDA-FEIRA,15,1
138147791,9a02e3747f23406cb075c610bde7554e,12/11/2020,NOVEMBRO,QUINTA-FEIRA,13,0
139845049,e41746c59dc04595a65f5249a3e1a50c,14/12/2020,DEZEMBRO,SEGUNDA-FEIRA,16,1
46738596,2635f802d278433e88d882ef9607992c,17/08/2020,AGOSTO,SEGUNDA-FEIRA,14,1
47843910,4c5738ac72a54e18bcc356f8d5716853,21/10/2020,OUTUBRO,QUARTA-FEIRA,15,1
125343799,a7cdd96c4cf24d4a8685eeed1785167b,04/05/2020,MAIO,SEGUNDA-FEIRA,11,1
139545563,cb284f17b2394444a92357e0742fa42c,09/12/2020,DEZEMBRO,QUARTA-FEIRA,09,1
138918027,1da9f1498eb142398fb1c316d3529065,26/11/2020,NOVEMBRO,QUINTA-FEIRA,11,1
137246237,45c1ea5de3c44ea7b76a4dd239f65803,28/10/2020,OUTUBRO,QUARTA-FEIRA,09,0
137686893,7232fbe49bff4725aa125974bd98ac4f,04/11/2020,NOVEMBRO,QUARTA-FEIRA,13,1
139642715,6849fe25a3224da4afc80248c6bcd5e9,10/12/2020,DEZEMBRO,QUINTA-FEIRA,13,1
139711505,f2b98872b97642568c5c3441dc4e73ef,11/12/2020,DEZEMBRO,SEXTA-FEIRA,13,0
137424937,3b00af72b9b144c586509ea6dfb72f5c,30/10/2020,OUTUBRO,SEXTA-FEIRA,14,1
48814424,00b65a70bcf94365bd3b5629cc084327,27/12/2020,DEZEMBRO,DOMINGO,16,1
44072912,0688dba18bbc4e9ab8cbf2c92703659b,28/04/2020,ABRIL,TERCA-FEIRA,14,1
44835652,6657241c0c5b4c48a049e86c34855bfc,19/05/2020,MAIO,TERCA-FEIRA,12,1
138683457,939231f725a1408c9afec87aa7419f6f,21/11/2020,NOVEMBRO,SABADO,18,0
138152967,46e19d048c9045a4bb14b13d386a2f2a,12/11/2020,NOVEMBRO,QUINTA-FEIRA,14,1
47249914,776871c9b81b4998aa63a04b0311977a,14/09/2020,SETEMBRO,SEGUNDA-FEIRA,20,1
48488938,2dc95bdbfca44f30841fbaf8164ec946,27/11/2020,NOVEMBRO,SEXTA-FEIRA,10,1
139219713,8b5fc62b3b9f4ec4a81b5bee67eb9ddb,02/12/2020,DEZEMBRO,QUARTA-FEIRA,12,1
48398906,38d33a3ce7c040349753cad4973fd7db,19/11/2020,NOVEMBRO,QUINTA-FEIRA,19,1
138399579,4dd17541a8f84b45bf40da08a46fab17,17/11/2020,NOVEMBRO,TERCA-FEIRA,11,0
138650619,6acbd140cb63435fb203607188a3b2f3,20/11/2020,NOVEMBRO,SEXTA-FEIRA,16,0
124771973,e483bc7c34644bd8a693fc6671819d1b,28/04/2020,ABRIL,TERCA-FEIRA,18,0
46867006,15155fa725f048b3a4c6b3b10a7aa733,27/08/2020,AGOSTO,QUINTA-FEIRA,17,1
138644861,3aaf7ad218dc419b9d4beb806a4e31f4,20/11/2020,NOVEMBRO,SEXTA-FEIRA,15,0
119457875,18ab6227bdb84e8489e912469af9e750,07/03/2020,MARCO,SABADO,17,1
137393647,d8d08d7850134a1da0ca527e337b44b7,30/10/2020,OUTUBRO,SEXTA-FEIRA,10,0
130129085,ba528b3607f645a5867d9400c188f8aa,15/07/2020,JULHO,QUARTA-FEIRA,13,0
119939009,342f6adede604e2d87d640288455a86c,16/03/2020,MARCO,SEGUNDA-FEIRA,14,1
134511821,df0da1fd1fa54a40acb6648bbf3749a7,01/10/2020,OUTUBRO,QUINTA-FEIRA,12,1
116303251,f81decd94e654909b8a7d7c5cf4ca180,28/01/2020,JANEIRO,TERCA-FEIRA,15,0
41185480,f24852444d444a13852eead2d9b544ae,20/02/2020,FEVEREIRO,QUINTA-FEIRA,00,1
134066513,25bf7557861f40f69d801b12a58ee28c,23/09/2020,SETEMBRO,QUARTA-FEIRA,15,0
131193571,eb145e8aad9a41b8a8b62fe021302ad6,03/08/2020,AGOSTO,SEGUNDA-FEIRA,13,0
129401325,56738bdf72bd4f70a8987df63bdf9a41,03/07/2020,JULHO,SEXTA-FEIRA,10,1
48487602,5d731c3c3d964240a47899166768860d,27/11/2020,NOVEMBRO,SEXTA-FEIRA,09,1
130154077,5ce095386bc647a7b7c7734bb948ae79,15/07/2020,JULHO,QUARTA-FEIRA,18,1
134179565,d6d15f0a48b04683bd06c60526e9f0c1,25/09/2020,SETEMBRO,SEXTA-FEIRA,09,0
138763661,3435dafdbf794ba3be149ca97a07a160,23/11/2020,NOVEMBRO,SEGUNDA-FEIRA,18,0
41609520,342f6adede604e2d87d640288455a86c,17/03/2020,MARCO,TERCA-FEIRA,08,1
136630237,15155fa725f048b3a4c6b3b10a7aa733,16/10/2020,OUTUBRO,SEXTA-FEIRA,14,1
139439905,304acc1b8894498c82dd1092e7d86849,06/12/2020,DEZEMBRO,DOMINGO,12,1
47520678,c71ac7d64c174cd39053ffb7115e895d,29/09/2020,SETEMBRO,TERCA-FEIRA,13,1
48653276,f8ac210d18b64fd183d178e02916a600,14/12/2020,DEZEMBRO,SEGUNDA-FEIRA,12,1
126849521,1645ee6b29c747ea973f891fecc560d4,25/05/2020,MAIO,SEGUNDA-FEIRA,09,1
47567774,fa0da7b97f66418dadb36e9996561c45,01/10/2020,OUTUBRO,QUINTA-FEIRA,20,1
139885653,47024ee1460c489ba96d30515515ad65,15/12/2020,DEZEMBRO,TERCA-FEIRA,12,1
44573884,478f1d1946054e38a66fb3da38ef755e,07/05/2020,MAIO,QUINTA-FEIRA,15,1
40979178,826e23c35be2453f91f4fcb2e718f3a0,10/02/2020,FEVEREIRO,SEGUNDA-FEIRA,12,1
139074921,38841307eb5f4102b0ac6902e0d35fda,29/11/2020,NOVEMBRO,DOMINGO,14,0
139907135,90d171e6e40e49fab2c8de1c89fb1ad1,15/12/2020,DEZEMBRO,TERCA-FEIRA,15,0
48495356,0eb3d988187746a990d5956b51b36d92,27/11/2020,NOVEMBRO,SEXTA-FEIRA,15,1
47356100,d3ed306efb4e4bd583eca8fc686c7b63,20/09/2020,SETEMBRO,DOMINGO,20,1
137726425,270a3d5a6141454b9326e73e207cb870,05/11/2020,NOVEMBRO,QUINTA-FEIRA,08,1
126065011,270a3d5a6141454b9326e73e207cb870,13/05/2020,MAIO,QUARTA-FEIRA,13,1
47228512,40897170c9d547c583fbbf0492cc78df,13/09/2020,SETEMBRO,DOMINGO,15,1
47256102,cb949bcaa5f34e4fbba989caae0ab3ca,15/09/2020,SETEMBRO,TERCA-FEIRA,11,1
48147580,3ee42f9bb7184e47967bba974780ca1f,11/11/2020,NOVEMBRO,QUARTA-FEIRA,13,1
47755996,2db37f5e1ef9428ea7cd5862f99e6792,15/10/2020,OUTUBRO,QUINTA-FEIRA,14,1
120879007,7d7e906ad73e482584ff85522841f694,27/03/2020,MARCO,SEXTA-FEIRA,08,0
139246909,64559c0734c241c096f0a95396d5b559,02/12/2020,DEZEMBRO,QUARTA-FEIRA,15,0
48140784,6fe1f9dd46054decbc6dfa84dfa5f5c8,11/11/2020,NOVEMBRO,QUARTA-FEIRA,08,1
128519009,76e7529747ad4f03b60e2c1fb1ff6f59,22/06/2020,JUNHO,SEGUNDA-FEIRA,14,0
139260753,e6c40aafba4b49cb9fb51ae8b1035501,02/12/2020,DEZEMBRO,QUARTA-FEIRA,17,1
126412885,bf4bff21864f48c6ae50a46e49992e93,18/05/2020,MAIO,SEGUNDA-FEIRA,17,0
127187955,6657241c0c5b4c48a049e86c34855bfc,29/05/2020,MAIO,SEXTA-FEIRA,10,1
48074616,0688dba18bbc4e9ab8cbf2c92703659b,06/11/2020,NOVEMBRO,SEXTA-FEIRA,10,1
134938057,d6d15f0a48b04683bd06c60526e9f0c1,09/10/2020,OUTUBRO,SEXTA-FEIRA,08,0
118776097,00b65a70bcf94365bd3b5629cc084327,26/02/2020,FEVEREIRO,QUARTA-FEIRA,14,1
48796798,3435dafdbf794ba3be149ca97a07a160,23/12/2020,DEZEMBRO,QUARTA-FEIRA,14,1
45262248,25817d9f4ca24430bcbf1ecd621f7da6,05/06/2020,JUNHO,SEXTA-FEIRA,12,1
122030713,e97f09003903453a81269cb1996d2ced,07/04/2020,ABRIL,TERCA-FEIRA,09,1
131304573,5201314d3f22452a83a61ac27e13c069,05/08/2020,AGOSTO,QUARTA-FEIRA,08,1
125341771,274d786f6a8948ea8a740d8bab2c7d69,04/05/2020,MAIO,SEGUNDA-FEIRA,11,0
138101805,f0cb5e3c1cac4fc18313931faf2421f2,11/11/2020,NOVEMBRO,QUARTA-FEIRA,17,1
117166817,f04b82907d58474dac86d748087fbd95,05/02/2020,FEVEREIRO,QUARTA-FEIRA,17,1
43406534,f62d4c259e9e4cff887b4a851f4c1c58,17/04/2020,ABRIL,SEXTA-FEIRA,13,1
118408949,f88d6e2134d44b7ea5bb95a6bad12790,20/02/2020,FEVEREIRO,QUINTA-FEIRA,10,1
134402155,78ceb86e84eb4f08825f5a057bf8f3c3,30/09/2020,SETEMBRO,QUARTA-FEIRA,08,1
138015589,c4abac3d07954e3ba8e0bed46a093311,10/11/2020,NOVEMBRO,TERCA-FEIRA,14,1
138785775,120b1f45d39c45e8b2b48676d027d2cf,24/11/2020,NOVEMBRO,TERCA-FEIRA,10,0
40411202,50c93567854d4a70b1dba545dc825ba6,04/02/2020,FEVEREIRO,TERCA-FEIRA,20,1
119735133,d8d08d7850134a1da0ca527e337b44b7,12/03/2020,MARCO,QUINTA-FEIRA,10,0
134902795,8eeacd1cf2c74f18b15c2c0b819f33eb,08/10/2020,OUTUBRO,QUINTA-FEIRA,14,0
47568306,d6d15f0a48b04683bd06c60526e9f0c1,02/10/2020,OUTUBRO,SEXTA-FEIRA,07,1
136965493,00396a6cc69046b787ee55424c4cdc83,22/10/2020,OUTUBRO,QUINTA-FEIRA,15,1
48071162,13b74bc9b8d0424493f30532ed46c520,05/11/2020,NOVEMBRO,QUINTA-FEIRA,22,1
41242012,a54cc9d35a0c48d7b0bdf61061c3c9de,23/02/2020,FEVEREIRO,DOMINGO,08,1
48578952,593dd4c5c4184e7ebc96fbad051d6bc6,06/12/2020,DEZEMBRO,DOMINGO,01,1
133596331,00396a6cc69046b787ee55424c4cdc83,16/09/2020,SETEMBRO,QUARTA-FEIRA,11,1
46728496,df1be23566ca48d28fe3b77277629337,15/08/2020,AGOSTO,SABADO,11,1
48006060,ed0f5dd0b17a4e53ac7e9bfb51494e55,02/11/2020,NOVEMBRO,SEGUNDA-FEIRA,10,1
134189699,826e23c35be2453f91f4fcb2e718f3a0,25/09/2020,SETEMBRO,SEXTA-FEIRA,11,1
139101113,3cd8bfedeca24f96a49d10387b20ba90,30/11/2020,NOVEMBRO,SEGUNDA-FEIRA,10,1
43562714,b85d3a9d7f834a859d571665f3551347,24/04/2020,ABRIL,SEXTA-FEIRA,16,1
124094553,05f23ac6207442fea3cc8bb3832e2912,24/04/2020,ABRIL,SEXTA-FEIRA,12,1
127801105,b41ceeb40da949169dce3e623c143f8f,09/06/2020,JUNHO,TERCA-FEIRA,09,0
140267065,6657241c0c5b4c48a049e86c34855bfc,22/12/2020,DEZEMBRO,TERCA-FEIRA,16,1
139704461,2b001b44991a419ca4ae440b3778f662,11/12/2020,DEZEMBRO,SEXTA-FEIRA,12,0
140616771,0db8638379a34d5e9b046b9963f81d4f,30/12/2020,DEZEMBRO,QUARTA-FEIRA,15,1
127930375,76e7529747ad4f03b60e2c1fb1ff6f59,12/06/2020,JUNHO,SEXTA-FEIRA,10,0
42042584,256fbb9a30f74256ae6808e95a1b1501,03/04/2020,ABRIL,SEXTA-FEIRA,11,1
123485093,2c4d9dfaaec641cd98c3451931ad67e7,15/04/2020,ABRIL,QUARTA-FEIRA,14,1
124043301,50e3db816fc94dfbb7d53ab0bf431dee,23/04/2020,ABRIL,QUINTA-FEIRA,15,0
138225987,73cfb0eb9a4d4d59a181feaedc4a52a3,13/11/2020,NOVEMBRO,SEXTA-FEIRA,15,1
47282746,4858668d70e64543bc5c183b6217753b,16/09/2020,SETEMBRO,QUARTA-FEIRA,12,1
45667976,24ea23283533434bb6055b1e9117dde4,19/06/2020,JUNHO,SEXTA-FEIRA,14,1
122022931,d8d08d7850134a1da0ca527e337b44b7,07/04/2020,ABRIL,TERCA-FEIRA,09,0
134394983,b568bb096e4e41358931d0d33da25e08,29/09/2020,SETEMBRO,TERCA-FEIRA,22,0
47815780,12e3286f48c843eea465347244274317,19/10/2020,OUTUBRO,SEGUNDA-FEIRA,19,1
48132376,42d1cb59ef354394bb17795f82679f15,10/11/2020,NOVEMBRO,TERCA-FEIRA,14,1
138186815,ea112308d00446cd811c8ec5302d06fc,13/11/2020,NOVEMBRO,SEXTA-FEIRA,10,1
139015159,4d37973b9cc44d4cace26e4a73ccca73,27/11/2020,NOVEMBRO,SEXTA-FEIRA,16,0
133283935,78ceb86e84eb4f08825f5a057bf8f3c3,10/09/2020,SETEMBRO,QUINTA-FEIRA,10,1
133506615,38d33a3ce7c040349753cad4973fd7db,14/09/2020,SETEMBRO,SEGUNDA-FEIRA,17,0
47221806,b4afd1996a7e499f8f87361f367c9aeb,12/09/2020,SETEMBRO,SABADO,08,1
137805207,2f76401db58246eda1200b5aa3395a9f,06/11/2020,NOVEMBRO,SEXTA-FEIRA,11,0
139703969,d2f463f6ae8f4d878c54b518ba1af9ea,11/12/2020,DEZEMBRO,SEXTA-FEIRA,12,1
131390869,d3ed306efb4e4bd583eca8fc686c7b63,06/08/2020,AGOSTO,QUINTA-FEIRA,11,1
43538724,525f589ca6b04b878773dc0355ce5232,23/04/2020,ABRIL,QUINTA-FEIRA,18,1
121993991,c4e39de3479642398364851216b113d5,06/04/2020,ABRIL,SEGUNDA-FEIRA,16,1
43297174,776871c9b81b4998aa63a04b0311977a,14/04/2020,ABRIL,TERCA-FEIRA,15,1
129611161,256fbb9a30f74256ae6808e95a1b1501,07/07/2020,JULHO,TERCA-FEIRA,10,0
48646898,e4613043efdd4a36b3b8f6c125ddf393,13/12/2020,DEZEMBRO,DOMINGO,15,1
40173488,3120e56e804849939f22b4806d85e319,31/01/2020,JANEIRO,SEXTA-FEIRA,18,1
120628233,a8325b2a457148af8c5e3d9f6664b783,24/03/2020,MARCO,TERCA-FEIRA,18,0
47166002,9febe9e0b61545898d8cc0009c541653,09/09/2020,SETEMBRO,QUARTA-FEIRA,15,1
127455727,6657241c0c5b4c48a049e86c34855bfc,03/06/2020,JUNHO,QUARTA-FEIRA,09,1
47952674,5eddf41a94144076841e8e7917d290e3,28/10/2020,OUTUBRO,QUARTA-FEIRA,15,1
137836057,c8783e832e9644d8b02fb20bfb298b38,06/11/2020,NOVEMBRO,SEXTA-FEIRA,16,0
132143117,67eb8d7841c043cfbc0895ea36b9fa17,21/08/2020,AGOSTO,SEXTA-FEIRA,07,0
48188300,c9a9da11556d4fd8b52c29febb7e2e83,13/11/2020,NOVEMBRO,SEXTA-FEIRA,15,1
140047155,342f6adede604e2d87d640288455a86c,17/12/2020,DEZEMBRO,QUINTA-FEIRA,18,1
47532630,d70558c79b9d446f88aab1e18c4ec5b3,30/09/2020,SETEMBRO,QUARTA-FEIRA,08,1
139753793,c67e143369ac422697907254d4377c10,12/12/2020,DEZEMBRO,SABADO,09,0
46327262,41ee1f1959324992b9792c09ebbe5194,09/07/2020,JULHO,QUINTA-FEIRA,15,1
138637493,e483bc7c34644bd8a693fc6671819d1b,20/11/2020,NOVEMBRO,SEXTA-FEIRA,14,0
133558323,78ceb86e84eb4f08825f5a057bf8f3c3,15/09/2020,SETEMBRO,TERCA-FEIRA,15,0
47236428,5c2bac0bca184ecda0287d24fc854011,14/09/2020,SETEMBRO,SEGUNDA-FEIRA,12,1
127593681,77c6a00943c340089a89368a149d8ee7,04/06/2020,JUNHO,QUINTA-FEIRA,18,1
119333737,595f293a11a848cfbc6eaf0474b5e7d2,05/03/2020,MARCO,QUINTA-FEIRA,09,0
117396031,b8265749f3504295ae219c2451307721,07/02/2020,FEVEREIRO,SEXTA-FEIRA,11,1
48639664,b031e00ca6454509b2197223836db49d,11/12/2020,DEZEMBRO,SEXTA-FEIRA,18,1
134326311,d6d15f0a48b04683bd06c60526e9f0c1,28/09/2020,SETEMBRO,SEGUNDA-FEIRA,15,0
41138362,24ea23283533434bb6055b1e9117dde4,17/02/2020,FEVEREIRO,SEGUNDA-FEIRA,15,1
127471771,0688dba18bbc4e9ab8cbf2c92703659b,03/06/2020,JUNHO,QUARTA-FEIRA,11,0
139031521,3617d2498c984ecab3932da030a0fcf5,27/11/2020,NOVEMBRO,SEXTA-FEIRA,18,0
48861464,b433f4695ba54e638aee6503c5117109,30/12/2020,DEZEMBRO,QUARTA-FEIRA,15,1
133615231,c3bd7f41bdae47e89c751fe771f927ec,16/09/2020,SETEMBRO,QUARTA-FEIRA,13,1
138538265,ba81996efe8949828bfedececce07e9e,19/11/2020,NOVEMBRO,QUINTA-FEIRA,09,1
130082363,5ce095386bc647a7b7c7734bb948ae79,14/07/2020,JULHO,TERCA-FEIRA,16,1
125499397,107c40186ad0458c974ea02e6681a665,05/05/2020,MAIO,TERCA-FEIRA,16,1
130607737,bff29362da514dbe82cca218fe0e9176,23/07/2020,JULHO,QUINTA-FEIRA,13,1
126658171,6dc20e1bcf1843eb92265a760c0f1cfd,21/05/2020,MAIO,QUINTA-FEIRA,11,0
134370895,d6d15f0a48b04683bd06c60526e9f0c1,29/09/2020,SETEMBRO,TERCA-FEIRA,14,1
48738470,e0c29d0052bf4d61aa247f44c240712a,17/12/2020,DEZEMBRO,QUINTA-FEIRA,19,1
137836359,de077c13fd83467ab2ddb1267a9f99ef,06/11/2020,NOVEMBRO,SEXTA-FEIRA,16,1
133971133,0031e92d064a43c496d2e811441dafad,22/09/2020,SETEMBRO,TERCA-FEIRA,09,0
137324083,6acbd140cb63435fb203607188a3b2f3,29/10/2020,OUTUBRO,QUINTA-FEIRA,10,1
139826313,f17793b51e3c4d86ae1b9387599f219c,14/12/2020,DEZEMBRO,SEGUNDA-FEIRA,13,1
126469319,23723b5ae2b04710a45930c4fcb6458b,19/05/2020,MAIO,TERCA-FEIRA,13,1
132044437,1dca6e04b5b143b9ae44d9c54c6b15bb,19/08/2020,AGOSTO,QUARTA-FEIRA,13,0
138488433,fb7b32771cb34511b49ad593dfee016e,18/11/2020,NOVEMBRO,QUARTA-FEIRA,13,0
139246887,4694534a1101482b927c45d08d44e4b0,02/12/2020,DEZEMBRO,QUARTA-FEIRA,15,0
43284372,7d72d804e05f47de8b03356bb6da8380,14/04/2020,ABRIL,TERCA-FEIRA,15,1
47799992,62501d6fea8641feaec8c1f766c7dbb5,19/10/2020,OUTUBRO,SEGUNDA-FEIRA,09,1
139549813,c67e143369ac422697907254d4377c10,09/12/2020,DEZEMBRO,QUARTA-FEIRA,10,0
140209143,e982f0f463944209960332d10e10618e,21/12/2020,DEZEMBRO,SEGUNDA-FEIRA,16,1
139011595,c1dd4897029f4d689d8bf29190c87169,27/11/2020,NOVEMBRO,SEXTA-FEIRA,14,1
125546277,a3c8d94747994b3ba71aa4bf8693e9fa,06/05/2020,MAIO,QUARTA-FEIRA,11,0
131972881,7ad2ca11c66146888d0f48b802903f80,18/08/2020,AGOSTO,TERCA-FEIRA,12,1
137352957,25bf7557861f40f69d801b12a58ee28c,29/10/2020,OUTUBRO,QUINTA-FEIRA,14,0
48186112,41ee1f1959324992b9792c09ebbe5194,13/11/2020,NOVEMBRO,SEXTA-FEIRA,11,1
43384756,107c40186ad0458c974ea02e6681a665,16/04/2020,ABRIL,QUINTA-FEIRA,13,1
122220149,1645ee6b29c747ea973f891fecc560d4,08/04/2020,ABRIL,QUARTA-FEIRA,11,0
139894753,5c440e33b90b4705bb852da8e59844c5,15/12/2020,DEZEMBRO,TERCA-FEIRA,13,1
41423980,bf4bff21864f48c6ae50a46e49992e93,04/03/2020,MARCO,QUARTA-FEIRA,16,1
135094251,15155fa725f048b3a4c6b3b10a7aa733,12/10/2020,OUTUBRO,SEGUNDA-FEIRA,17,1
40055568,d614da6603bd4222bd28378fdbd3abf6,28/01/2020,JANEIRO,TERCA-FEIRA,17,1
124995815,3d614904cd1541d79e80b00f525e80b3,01/05/2020,MAIO,SEXTA-FEIRA,14,0
45642330,73eaf2f4bab2436e9466d07571c68764,19/06/2020,JUNHO,SEXTA-FEIRA,07,1
48381502,b9d8ea8021654c30a01f5bd266ac8eb0,18/11/2020,NOVEMBRO,QUARTA-FEIRA,16,1
133642269,76e7529747ad4f03b60e2c1fb1ff6f59,17/09/2020,SETEMBRO,QUINTA-FEIRA,05,0
132520457,67eb8d7841c043cfbc0895ea36b9fa17,27/08/2020,AGOSTO,QUINTA-FEIRA,22,0
48146574,40e217f44f1a412b83ee8ace2a508565,11/11/2020,NOVEMBRO,QUARTA-FEIRA,13,1
138764811,a68a36476237455a99d3d9a8a9c09b4d,23/11/2020,NOVEMBRO,SEGUNDA-FEIRA,17,1
48555120,4a9bc415623e4c379f9373719d13335a,03/12/2020,DEZEMBRO,QUINTA-FEIRA,14,1
137386179,6df82c91d297469a834a0b4cff107e6f,30/10/2020,OUTUBRO,SEXTA-FEIRA,08,0
41760328,a7cdd96c4cf24d4a8685eeed1785167b,24/03/2020,MARCO,TERCA-FEIRA,11,1
45116694,56daf308a56a40f598c9a8f98342e0c8,29/05/2020,MAIO,SEXTA-FEIRA,13,1
136784047,6fe1f9dd46054decbc6dfa84dfa5f5c8,20/10/2020,OUTUBRO,TERCA-FEIRA,13,0
41275698,342f6adede604e2d87d640288455a86c,26/02/2020,FEVEREIRO,QUARTA-FEIRA,11,1
48383858,6de2b616ee124331b828d516ee54164d,18/11/2020,NOVEMBRO,QUARTA-FEIRA,17,1
134848777,500b9bf864ff46f99ec630543c7c0bb9,07/10/2020,OUTUBRO,QUARTA-FEIRA,18,1
126997095,c6b1d8797c1a49c48ac459de9c41f90f,26/05/2020,MAIO,TERCA-FEIRA,17,1
126905927,39e44c0942824f99bfa6de1108598f79,25/05/2020,MAIO,SEGUNDA-FEIRA,15,0
125620531,7ad2ca11c66146888d0f48b802903f80,07/05/2020,MAIO,QUINTA-FEIRA,09,0
137776977,b031e00ca6454509b2197223836db49d,05/11/2020,NOVEMBRO,QUINTA-FEIRA,17,1
48800014,41ee1f1959324992b9792c09ebbe5194,23/12/2020,DEZEMBRO,QUARTA-FEIRA,16,1
138782733,dea3e4e1796d45cdaf9e4262aab54865,24/11/2020,NOVEMBRO,TERCA-FEIRA,10,0
41760710,d8d08d7850134a1da0ca527e337b44b7,24/03/2020,MARCO,TERCA-FEIRA,11,1
119626405,342f6adede604e2d87d640288455a86c,10/03/2020,MARCO,TERCA-FEIRA,15,1
139738269,6cc9207bb02448e2b3cce1c80ee6bfeb,11/12/2020,DEZEMBRO,SEXTA-FEIRA,17,0
132420495,d8d08d7850134a1da0ca527e337b44b7,26/08/2020,AGOSTO,QUARTA-FEIRA,13,1
127351783,7d72d804e05f47de8b03356bb6da8380,01/06/2020,JUNHO,SEGUNDA-FEIRA,17,0
137389477,15155fa725f048b3a4c6b3b10a7aa733,30/10/2020,OUTUBRO,SEXTA-FEIRA,10,1
137264437,0b323f0ac43e4d39b4f979cbab1e4690,28/10/2020,OUTUBRO,QUARTA-FEIRA,12,1
137261211,6acbd140cb63435fb203607188a3b2f3,28/10/2020,OUTUBRO,QUARTA-FEIRA,12,0
131733273,0921f805bd634a07b10f25110c788aa4,13/08/2020,AGOSTO,QUINTA-FEIRA,08,1
123403967,89b71b4edb90473aa754f87cfa112400,14/04/2020,ABRIL,TERCA-FEIRA,17,1
44449408,342f6adede604e2d87d640288455a86c,03/05/2020,MAIO,DOMINGO,18,1
48382098,44823c22021244dcb746240dbde2e4a6,18/11/2020,NOVEMBRO,QUARTA-FEIRA,18,1
121023087,11cf9cc7299a43798e1e88c360295ad3,28/03/2020,MARCO,SABADO,16,0
137765195,3aad12db022848918b117496fa053703,05/11/2020,NOVEMBRO,QUINTA-FEIRA,15,1
138605895,47024ee1460c489ba96d30515515ad65,20/11/2020,NOVEMBRO,SEXTA-FEIRA,09,1
44141716,be2f667e703045ce91883641e8c6c0fe,30/04/2020,ABRIL,QUINTA-FEIRA,15,1
136793579,efdbd5af90434276b90480399db5c8a9,20/10/2020,OUTUBRO,TERCA-FEIRA,14,1
138103179,3435dafdbf794ba3be149ca97a07a160,11/11/2020,NOVEMBRO,QUARTA-FEIRA,18,0
46183182,2f3aa6f07bc74c2886139fea52c6b3d3,06/07/2020,JULHO,SEGUNDA-FEIRA,08,1
132330745,50e3db816fc94dfbb7d53ab0bf431dee,25/08/2020,AGOSTO,TERCA-FEIRA,10,1
48829822,fb70efff2a024ed9801936e1fd41a257,28/12/2020,DEZEMBRO,SEGUNDA-FEIRA,15,1
123956733,30b73979f70541d6857e2f86872adfed,22/04/2020,ABRIL,QUARTA-FEIRA,15,0
138153969,2b001b44991a419ca4ae440b3778f662,12/11/2020,NOVEMBRO,QUINTA-FEIRA,14,1
123851273,c4a2f69f8c2e40a29bca3d95ac3ba316,21/04/2020,ABRIL,TERCA-FEIRA,11,0
45156138,37aa99081e3e428dbd01f9ca4ae9ea4d,31/05/2020,MAIO,DOMINGO,16,1
44112042,107c40186ad0458c974ea02e6681a665,29/04/2020,ABRIL,QUARTA-FEIRA,19,1
137145659,4fc83310c9cc44ef8e2bbdf850ff5187,26/10/2020,OUTUBRO,SEGUNDA-FEIRA,12,1
48113200,a8325b2a457148af8c5e3d9f6664b783,09/11/2020,NOVEMBRO,SEGUNDA-FEIRA,16,1
125286921,67eb8d7841c043cfbc0895ea36b9fa17,03/05/2020,MAIO,DOMINGO,10,0
41616926,a3e45e7f3f514903b5cc3d790bdab7dd,17/03/2020,MARCO,TERCA-FEIRA,17,1
132984723,bfff8ec4ffe44a689ac6e831c97894f8,04/09/2020,SETEMBRO,SEXTA-FEIRA,16,1
48004932,83f4128814fe4de08596af89ccc584fb,02/11/2020,NOVEMBRO,SEGUNDA-FEIRA,11,1
130820473,5ab4976fd0694663b84bef9f5a6f733c,28/07/2020,JULHO,TERCA-FEIRA,09,1
48796544,2a850a31e8ba40229bf6d990379cc915,23/12/2020,DEZEMBRO,QUARTA-FEIRA,12,1
136686991,15155fa725f048b3a4c6b3b10a7aa733,19/10/2020,OUTUBRO,SEGUNDA-FEIRA,08,1
127921977,71815fb3e8cf4cb5ae1348afdf9151f0,12/06/2020,JUNHO,SEXTA-FEIRA,09,1
44782726,5d731c3c3d964240a47899166768860d,16/05/2020,MAIO,SABADO,19,1
46905232,b031e00ca6454509b2197223836db49d,28/08/2020,AGOSTO,SEXTA-FEIRA,17,1
137118515,93d41d2c7e8a4f3b9a71cd9254b05f4f,25/10/2020,OUTUBRO,DOMINGO,18,0
46727394,abbafced7cde4634ade4de593e527f3e,14/08/2020,AGOSTO,SEXTA-FEIRA,17,1
133098737,67eb8d7841c043cfbc0895ea36b9fa17,07/09/2020,SETEMBRO,SEGUNDA-FEIRA,18,0
48472728,6bd2d4e88c374e2198e23674573dbecd,26/11/2020,NOVEMBRO,QUINTA-FEIRA,11,1
48544332,d191d59c0d2048c3a2a9c667afd08344,02/12/2020,DEZEMBRO,QUARTA-FEIRA,17,1
134874335,d6d15f0a48b04683bd06c60526e9f0c1,08/10/2020,OUTUBRO,QUINTA-FEIRA,10,1
130523749,5752221717994b2dada61786c6e4a372,22/07/2020,JULHO,QUARTA-FEIRA,11,0
41743458,270043c950d640df8904ddd376a8c3de,23/03/2020,MARCO,SEGUNDA-FEIRA,19,1
44096516,3cb62558262745918722a58ff3bee0d6,29/04/2020,ABRIL,QUARTA-FEIRA,11,1
41135780,342f6adede604e2d87d640288455a86c,17/02/2020,FEVEREIRO,SEGUNDA-FEIRA,10,1
132855577,47024ee1460c489ba96d30515515ad65,02/09/2020,SETEMBRO,QUARTA-FEIRA,18,1
126365039,7ad2ca11c66146888d0f48b802903f80,18/05/2020,MAIO,SEGUNDA-FEIRA,11,1
134259921,d8d08d7850134a1da0ca527e337b44b7,28/09/2020,SETEMBRO,SEGUNDA-FEIRA,08,1
133343871,bc424f7062ca42df81c40bcc8205f48b,11/09/2020,SETEMBRO,SEXTA-FEIRA,09,0
139361747,2d21766af5284a519bb4490ecbe9e0c8,04/12/2020,DEZEMBRO,SEXTA-FEIRA,11,1
136734811,e87d305b09c7405a8e5e121d820b693d,19/10/2020,OUTUBRO,SEGUNDA-FEIRA,15,1
139631409,6849fe25a3224da4afc80248c6bcd5e9,10/12/2020,DEZEMBRO,QUINTA-FEIRA,11,0
124765823,5f870e45486641218f46d50b03bc37c9,28/04/2020,ABRIL,TERCA-FEIRA,16,0
47594546,86bc0a74ac0847a9b66a15227a9a4a66,04/10/2020,OUTUBRO,DOMINGO,14,1
138025105,c71ac7d64c174cd39053ffb7115e895d,10/11/2020,NOVEMBRO,TERCA-FEIRA,16,0
127687937,1645ee6b29c747ea973f891fecc560d4,06/06/2020,JUNHO,SABADO,18,1
46442132,5ce095386bc647a7b7c7734bb948ae79,17/07/2020,JULHO,SEXTA-FEIRA,15,1
128969041,f17793b51e3c4d86ae1b9387599f219c,28/06/2020,JUNHO,DOMINGO,19,1
137962353,b75365c1ed964c6f9cd5dc65ff435bfb,09/11/2020,NOVEMBRO,SEGUNDA-FEIRA,16,0
127613037,0688dba18bbc4e9ab8cbf2c92703659b,05/06/2020,JUNHO,SEXTA-FEIRA,09,1
127334829,1fc2057fc26043e6870d4e791d87ed09,01/06/2020,JUNHO,SEGUNDA-FEIRA,14,1
127440413,ba3bdcfcf8f0496db4c6182552d52f3e,02/06/2020,JUNHO,TERCA-FEIRA,18,0
130054179,cb284f17b2394444a92357e0742fa42c,14/07/2020,JULHO,TERCA-FEIRA,11,1
47719074,cca14380c5d945039b2621a28c105713,14/10/2020,OUTUBRO,QUARTA-FEIRA,02,1
129250331,4fb492d825ec43c29a7000ff56b5aee7,01/07/2020,JULHO,QUARTA-FEIRA,10,0
44965338,9b2951d76cb349188e00385e6af7e672,22/05/2020,MAIO,SEXTA-FEIRA,06,1
117062115,665bdef8b2c745189d81a77d3eacbf8a,05/02/2020,FEVEREIRO,QUARTA-FEIRA,11,1
129666627,c4e39de3479642398364851216b113d5,08/07/2020,JULHO,QUARTA-FEIRA,06,1
140064029,7f04f0b9d40b47edb46f675e4dd1a263,18/12/2020,DEZEMBRO,SEXTA-FEIRA,09,1
139463001,e6f9e6378d0646feb5db04eb12623aba,07/12/2020,DEZEMBRO,SEGUNDA-FEIRA,10,1
137222491,42d1cb59ef354394bb17795f82679f15,27/10/2020,OUTUBRO,TERCA-FEIRA,15,1
120539031,fc203b49141948f6978ee2ce9b20b60f,24/03/2020,MARCO,TERCA-FEIRA,09,0
131500427,c01cf162fd6b4c008d0a3b53acd462c8,07/08/2020,AGOSTO,SEXTA-FEIRA,21,0
43384852,107c40186ad0458c974ea02e6681a665,16/04/2020,ABRIL,QUINTA-FEIRA,13,1
48138056,0688dba18bbc4e9ab8cbf2c92703659b,10/11/2020,NOVEMBRO,TERCA-FEIRA,17,1
48836090,b9d8ea8021654c30a01f5bd266ac8eb0,28/12/2020,DEZEMBRO,SEGUNDA-FEIRA,23,1
140478527,b32e03cb123d4d088c8c604e8725b953,28/12/2020,DEZEMBRO,SEGUNDA-FEIRA,17,0
46400780,c829a5e0c23147c9854ccf3f2043d7ea,14/07/2020,JULHO,TERCA-FEIRA,11,1
48366102,aa414af793d143e799b672a39065edd0,17/11/2020,NOVEMBRO,TERCA-FEIRA,21,1
47671144,7a6d3a80208d4d2ab22959b6a68663dc,09/10/2020,OUTUBRO,SEXTA-FEIRA,13,1
128402211,e4613043efdd4a36b3b8f6c125ddf393,19/06/2020,JUNHO,SEXTA-FEIRA,15,1
48732630,cdb1d5e1f5834755bb09216666aa77e6,17/12/2020,DEZEMBRO,QUINTA-FEIRA,15,1
138779247,fdf4d2eebdce4edb86bfc106b1224254,24/11/2020,NOVEMBRO,TERCA-FEIRA,09,1
138583149,d0da5674975f41bdbffafb4517e446d9,19/11/2020,NOVEMBRO,QUINTA-FEIRA,16,1
120857617,7d7e906ad73e482584ff85522841f694,26/03/2020,MARCO,QUINTA-FEIRA,17,0
130160933,76e7529747ad4f03b60e2c1fb1ff6f59,16/07/2020,JULHO,QUINTA-FEIRA,06,0
117526343,cd8b1e4377334ed198a37780f49fa2fe,08/02/2020,FEVEREIRO,SABADO,11,0
122010997,7af144d5f2e64a598707726ebf853529,06/04/2020,ABRIL,SEGUNDA-FEIRA,22,0
140004953,89b71b4edb90473aa754f87cfa112400,17/12/2020,DEZEMBRO,QUINTA-FEIRA,10,1
45757182,df0da1fd1fa54a40acb6648bbf3749a7,22/06/2020,JUNHO,SEGUNDA-FEIRA,11,1
47600200,81e29e7d12ef45288419b8a3b25cb337,05/10/2020,OUTUBRO,SEGUNDA-FEIRA,11,1
140093067,783ae4f1e6664972b8f9a08342b10397,18/12/2020,DEZEMBRO,SEXTA-FEIRA,14,1
47086252,342f6adede604e2d87d640288455a86c,04/09/2020,SETEMBRO,SEXTA-FEIRA,11,1
48801124,445e0660dab14cedbed673f297c78177,23/12/2020,DEZEMBRO,QUARTA-FEIRA,19,1
46708154,8618dc41b1a64ff6b5e466019d252a4a,13/08/2020,AGOSTO,QUINTA-FEIRA,15,1
41616436,1f35a3dde40242c182c6e6f36220f704,17/03/2020,MARCO,TERCA-FEIRA,15,1
137617045,fbb3239246734a198492e61048bac1f5,03/11/2020,NOVEMBRO,TERCA-FEIRA,14,0
139414747,4694534a1101482b927c45d08d44e4b0,05/12/2020,DEZEMBRO,SABADO,10,1
116458589,28569a7370d44b7fbe92134d90e9f330,30/01/2020,JANEIRO,QUINTA-FEIRA,10,1
46673216,802bab96638043039942bba20f7e03e0,11/08/2020,AGOSTO,TERCA-FEIRA,11,1
140264797,eab8fbcc286f4561aa6f74301c16572c,22/12/2020,DEZEMBRO,TERCA-FEIRA,15,0
48529606,49699183fea34998bebab46ffcc23eae,01/12/2020,DEZEMBRO,TERCA-FEIRA,20,1
140478169,5c4744a1a2174294b859d5c83afb82fe,28/12/2020,DEZEMBRO,SEGUNDA-FEIRA,17,1
137761131,e5d6920da503405aa449881676c58716,05/11/2020,NOVEMBRO,QUINTA-FEIRA,14,1
125779265,c4a2f69f8c2e40a29bca3d95ac3ba316,08/05/2020,MAIO,SEXTA-FEIRA,18,1
131130139,67eb8d7841c043cfbc0895ea36b9fa17,02/08/2020,AGOSTO,DOMINGO,11,0
138553321,8e305b4172764abb928e3ede3f125f18,19/11/2020,NOVEMBRO,QUINTA-FEIRA,11,1
138958783,5ce095386bc647a7b7c7734bb948ae79,26/11/2020,NOVEMBRO,QUINTA-FEIRA,18,1
134598441,d6d15f0a48b04683bd06c60526e9f0c1,02/10/2020,OUTUBRO,SEXTA-FEIRA,12,1
140032193,ca761e31c69b49e8a302a5db04ab9e1a,17/12/2020,DEZEMBRO,QUINTA-FEIRA,15,1
134400253,f4d7af89222d4df59366bfa953f1d70f,30/09/2020,SETEMBRO,QUARTA-FEIRA,07,0
46830078,a54cc9d35a0c48d7b0bdf61061c3c9de,24/08/2020,AGOSTO,SEGUNDA-FEIRA,20,1
139374327,076d5257903542219890276142913ff6,04/12/2020,DEZEMBRO,SEXTA-FEIRA,13,1
43370552,fb70efff2a024ed9801936e1fd41a257,15/04/2020,ABRIL,QUARTA-FEIRA,19,1
140630121,b32e03cb123d4d088c8c604e8725b953,30/12/2020,DEZEMBRO,QUARTA-FEIRA,17,0
140500987,840e18df9c114d73a87dfc92f503df35,29/12/2020,DEZEMBRO,TERCA-FEIRA,10,0
43705776,d1e8667df91c4daea6763620aaac80bf,26/04/2020,ABRIL,DOMINGO,12,1
139015547,df281dc485c3466982b560ceeaf364ff,27/11/2020,NOVEMBRO,SEXTA-FEIRA,16,0
140327973,8ff636bbba5d4cd8993ab2cc64e1a625,23/12/2020,DEZEMBRO,QUARTA-FEIRA,15,0
121800171,3cd32d3443e8406e841f18701e6b1336,03/04/2020,ABRIL,SEXTA-FEIRA,17,0
138509405,ab2bc5d7f7404161a1c642b1c558d51a,18/11/2020,NOVEMBRO,QUARTA-FEIRA,16,0
41146388,49699183fea34998bebab46ffcc23eae,17/02/2020,FEVEREIRO,SEGUNDA-FEIRA,19,1
127459863,d8d08d7850134a1da0ca527e337b44b7,03/06/2020,JUNHO,QUARTA-FEIRA,09,1
139206145,dea3e4e1796d45cdaf9e4262aab54865,02/12/2020,DEZEMBRO,QUARTA-FEIRA,11,1
134250975,67eb8d7841c043cfbc0895ea36b9fa17,27/09/2020,SETEMBRO,DOMINGO,23,0
126781481,270a3d5a6141454b9326e73e207cb870,22/05/2020,MAIO,SEXTA-FEIRA,13,1
46977930,d6d15f0a48b04683bd06c60526e9f0c1,31/08/2020,AGOSTO,SEGUNDA-FEIRA,10,1
140550059,8f095357973f4033b46308c9213f9981,29/12/2020,DEZEMBRO,TERCA-FEIRA,16,1
41335062,e5fb508caefb416d9a3c8c5c76d0d8e0,28/02/2020,FEVEREIRO,SEXTA-FEIRA,21,1
139374923,044b66daadb84aaf837dc5f3799571a4,04/12/2020,DEZEMBRO,SEXTA-FEIRA,14,1
48355946,0416967d360143d6b092f6e122f1b98a,17/11/2020,NOVEMBRO,TERCA-FEIRA,12,1
140282093,46e0d2107efb42cbae028f6e0540ed4f,22/12/2020,DEZEMBRO,TERCA-FEIRA,21,1
116409703,c2241cf1842c49c49880fa54736fee5e,29/01/2020,JANEIRO,QUARTA-FEIRA,15,1
48472236,df281dc485c3466982b560ceeaf364ff,26/11/2020,NOVEMBRO,QUINTA-FEIRA,10,1
119937005,730c63080e0e4473a8807c5d1363165b,16/03/2020,MARCO,SEGUNDA-FEIRA,14,0
126417555,0d660031c7844eec97bc8c99c071c50e,18/05/2020,MAIO,SEGUNDA-FEIRA,19,0
134404121,78ceb86e84eb4f08825f5a057bf8f3c3,30/09/2020,SETEMBRO,QUARTA-FEIRA,08,0
139524153,939231f725a1408c9afec87aa7419f6f,08/12/2020,DEZEMBRO,TERCA-FEIRA,13,0
140316415,40e5b2659b11477a86ae54d2edbbb1c8,23/12/2020,DEZEMBRO,QUARTA-FEIRA,14,0
138089393,ca761e31c69b49e8a302a5db04ab9e1a,11/11/2020,NOVEMBRO,QUARTA-FEIRA,15,1
138167303,e987df7891e14d088cf4bed1cc60c2d1,12/11/2020,NOVEMBRO,QUINTA-FEIRA,16,1
135080549,497b3d10c5c641bfafb3b235835df889,12/10/2020,OUTUBRO,SEGUNDA-FEIRA,15,0
117288189,783ae4f1e6664972b8f9a08342b10397,06/02/2020,FEVEREIRO,QUINTA-FEIRA,14,0
47133618,49699183fea34998bebab46ffcc23eae,08/09/2020,SETEMBRO,TERCA-FEIRA,06,1
47883286,4fc83310c9cc44ef8e2bbdf850ff5187,23/10/2020,OUTUBRO,SEXTA-FEIRA,12,1
44754542,b0665056a0884f1b888dddd75974544d,15/05/2020,MAIO,SEXTA-FEIRA,16,1
140183683,e29dad34c6254fc3a2639ff50e9db456,21/12/2020,DEZEMBRO,SEGUNDA-FEIRA,11,0
127296059,a07271e3398841689f7a696f9f0d521a,01/06/2020,JUNHO,SEGUNDA-FEIRA,10,1
131726545,776b3cb9d8144952bd4f4d20321b3745,12/08/2020,AGOSTO,QUARTA-FEIRA,22,1
120432213,c7c2cb309edb4fc2816e75d1ccbbed2c,23/03/2020,MARCO,SEGUNDA-FEIRA,12,0
125473405,3d614904cd1541d79e80b00f525e80b3,05/05/2020,MAIO,TERCA-FEIRA,13,0
120686179,c7c2cb309edb4fc2816e75d1ccbbed2c,25/03/2020,MARCO,QUARTA-FEIRA,12,0
136722733,23d802c020d0497099fb51dbf0d545b4,19/10/2020,OUTUBRO,SEGUNDA-FEIRA,13,1
46211416,c0b250b2e4f64bda9a64530a7b73cf88,07/07/2020,JULHO,TERCA-FEIRA,15,1
139933553,999dc7e2ad0640419092fff1fa72e05c,16/12/2020,DEZEMBRO,QUARTA-FEIRA,10,1
47645884,fb70efff2a024ed9801936e1fd41a257,07/10/2020,OUTUBRO,QUARTA-FEIRA,20,1
139247397,e2db970a519741d7a8b6455dcfb93357,02/12/2020,DEZEMBRO,QUARTA-FEIRA,16,1
136567359,b7f6105b96544ffda9183cc5c5d920d2,15/10/2020,OUTUBRO,QUINTA-FEIRA,14,1
130454169,24c213a821eb434ca5854c3d942690ca,21/07/2020,JULHO,TERCA-FEIRA,12,1
126628189,d7933f4a5de64941a6e9cff8e9ab1fdb,21/05/2020,MAIO,QUINTA-FEIRA,08,1
48754826,2db37f5e1ef9428ea7cd5862f99e6792,19/12/2020,DEZEMBRO,SABADO,12,1
139907691,90d171e6e40e49fab2c8de1c89fb1ad1,15/12/2020,DEZEMBRO,TERCA-FEIRA,15,0
47577840,d6d15f0a48b04683bd06c60526e9f0c1,02/10/2020,OUTUBRO,SEXTA-FEIRA,13,1
116666789,38841307eb5f4102b0ac6902e0d35fda,31/01/2020,JANEIRO,SEXTA-FEIRA,20,0
138059101,84e4de8dda4f4909b0d7890554e6394b,11/11/2020,NOVEMBRO,QUARTA-FEIRA,11,0
137836555,eab8fbcc286f4561aa6f74301c16572c,06/11/2020,NOVEMBRO,SEXTA-FEIRA,16,0
138891019,49699183fea34998bebab46ffcc23eae,25/11/2020,NOVEMBRO,QUARTA-FEIRA,17,0
124663971,9aa5025024934cf3abd809c6f812d48d,27/04/2020,ABRIL,SEGUNDA-FEIRA,14,1
130367067,f2b98872b97642568c5c3441dc4e73ef,20/07/2020,JULHO,SEGUNDA-FEIRA,10,0
131561549,6e36d116df944d30b4e19782be58e500,10/08/2020,AGOSTO,SEGUNDA-FEIRA,12,1
45250208,0688dba18bbc4e9ab8cbf2c92703659b,04/06/2020,JUNHO,QUINTA-FEIRA,21,1
139667789,36f046bba88d46ae9f67e46c60323066,10/12/2020,DEZEMBRO,QUINTA-FEIRA,17,1
138096859,1e4436bfe7cf4d57852cf604564a9cc3,11/11/2020,NOVEMBRO,QUARTA-FEIRA,16,1
46506442,b608617d1ac44c3884165e99c0781d9f,24/07/2020,JULHO,SEXTA-FEIRA,13,1
138397975,f8ac210d18b64fd183d178e02916a600,17/11/2020,NOVEMBRO,TERCA-FEIRA,11,1
47771818,f62d4c259e9e4cff887b4a851f4c1c58,16/10/2020,OUTUBRO,SEXTA-FEIRA,10,1
126488369,872b80a3a87a43c78fee78ac7d1a12d6,19/05/2020,MAIO,TERCA-FEIRA,14,0
123657659,d8d08d7850134a1da0ca527e337b44b7,17/04/2020,ABRIL,SEXTA-FEIRA,13,1
48051378,fd381cb0e85a48ebb40ad831563a6737,04/11/2020,NOVEMBRO,QUARTA-FEIRA,16,1
137000313,7f6e4953056043dc8b03890944b4cd43,23/10/2020,OUTUBRO,SEXTA-FEIRA,09,1
138001253,af85bcb82c4f427ca5634d200e10c898,10/11/2020,NOVEMBRO,TERCA-FEIRA,11,1
139792685,15155fa725f048b3a4c6b3b10a7aa733,14/12/2020,DEZEMBRO,SEGUNDA-FEIRA,01,0
137559263,2f822bab71f8498092b6ba0a4245a722,02/11/2020,NOVEMBRO,SEGUNDA-FEIRA,15,1
130074873,5ce095386bc647a7b7c7734bb948ae79,14/07/2020,JULHO,TERCA-FEIRA,16,1
133185805,dea3e4e1796d45cdaf9e4262aab54865,08/09/2020,SETEMBRO,TERCA-FEIRA,16,1
40306162,d3ba89973f5c4778bbdc6a8e408715d5,03/02/2020,FEVEREIRO,SEGUNDA-FEIRA,23,1
48377528,ab2708662e344342bb85610f173ef578,18/11/2020,NOVEMBRO,QUARTA-FEIRA,14,1
126853411,d8d08d7850134a1da0ca527e337b44b7,25/05/2020,MAIO,SEGUNDA-FEIRA,08,1
138098003,46e19d048c9045a4bb14b13d386a2f2a,11/11/2020,NOVEMBRO,QUARTA-FEIRA,16,1
48069436,67962dde74544090aaeaed2520e5dafe,05/11/2020,NOVEMBRO,QUINTA-FEIRA,16,1
139490811,5ebbfcd195c7405f8c68a27f3b673990,07/12/2020,DEZEMBRO,SEGUNDA-FEIRA,15,1
120409581,070b9c0cc22d45e8aaf0790d05049999,23/03/2020,MARCO,SEGUNDA-FEIRA,11,0
126977975,6cc9207bb02448e2b3cce1c80ee6bfeb,26/05/2020,MAIO,TERCA-FEIRA,14,1
48318688,d04f76b9b5014464afd44cc3fb32be83,14/11/2020,NOVEMBRO,SABADO,22,1
48355820,69c6ca9c085943e0beeeb1f372795d5a,17/11/2020,NOVEMBRO,TERCA-FEIRA,12,1
44548200,4694534a1101482b927c45d08d44e4b0,06/05/2020,MAIO,QUARTA-FEIRA,17,1
134191343,b7f6105b96544ffda9183cc5c5d920d2,25/09/2020,SETEMBRO,SEXTA-FEIRA,11,0
137636475,1c4dfc62745b430e8e5584632d6ed959,03/11/2020,NOVEMBRO,TERCA-FEIRA,16,1
137114169,7d72d804e05f47de8b03356bb6da8380,25/10/2020,OUTUBRO,DOMINGO,15,0
123785267,7ad2ca11c66146888d0f48b802903f80,20/04/2020,ABRIL,SEGUNDA-FEIRA,13,0
118075443,6a60d5ced7e44b06bbca02d0abc4e764,14/02/2020,FEVEREIRO,SEXTA-FEIRA,14,1
123547511,3617d2498c984ecab3932da030a0fcf5,16/04/2020,ABRIL,QUINTA-FEIRA,11,1
48120616,f71dac4ae6a341e5829748f389bb4dc2,10/11/2020,NOVEMBRO,TERCA-FEIRA,09,1
138417377,f44488221cb942b2a82dcf745ef411c8,17/11/2020,NOVEMBRO,TERCA-FEIRA,14,1
121270875,78ceb86e84eb4f08825f5a057bf8f3c3,31/03/2020,MARCO,TERCA-FEIRA,12,0
124709445,01c79a286b474f73bdd42c65cbb9c74c,28/04/2020,ABRIL,TERCA-FEIRA,09,1
46402756,ba528b3607f645a5867d9400c188f8aa,14/07/2020,JULHO,TERCA-FEIRA,13,1
137677023,070c23788c204562939d94acd76a0f59,04/11/2020,NOVEMBRO,QUARTA-FEIRA,12,1
138987951,065f4b25aac64ce1a8ddece29f0affa2,27/11/2020,NOVEMBRO,SEXTA-FEIRA,11,1